1	55 
2	43 
3	91 
4	161 
5	243 
6	197 
7	56 
8	100 
9	74 
10	178 
11	227 
12	161 
13	45 
14	174 
15	134 
16	221 
17	110 
18	254 
19	276 
20	301 
21	81 
22	108 
23	158 
24	176 
25	136 
26	133 
27	48 
28	292 
29	123 
30	17 
31	199 
32	54 
33	216 
34	55 
35	71 
36	158 
37	141 
38	88 
39	281 
40	91 
41	201 
42	296 
43	222 
44	156 
45	131 
46	103 
47	151 
48	276 
49	84 
50	239 
51	49 
52	175 
53	146 
54	244 
55	191 
56	131 
57	157 
58	99 
59	166 
60	52 
61	239 
62	222 
63	139 
64	262 
65	200 
66	233 
67	20 
68	19 
69	164 
70	104 
71	183 
72	259 
73	119 
74	120 
75	291 
76	97 
77	64 
78	151 
79	146 
80	97 
81	100 
82	155 
83	106 
84	75 
85	117 
86	216 
87	234 
88	23 
89	68 
90	194 
91	258 
92	267 
93	124 
94	82 
95	15 
96	157 
97	56 
98	156 
99	94 
100	179 
101	278 
102	24 
103	49 
104	173 
105	281 
106	61 
107	277 
108	173 
109	165 
110	27 
111	153 
112	106 
113	272 
114	103 
115	171 
116	26 
117	20 
118	224 
119	71 
120	130 
121	186 
122	285 
123	215 
124	70 
125	197 
126	260 
127	142 
128	67 
129	257 
130	265 
131	299 
132	281 
133	55 
134	43 
135	113 
136	105 
137	231 
138	79 
139	144 
140	189 
141	122 
142	148 
143	284 
144	265 
145	300 
146	169 
147	26 
148	46 
149	259 
150	261 
151	169 
152	73 
153	256 
154	247 
155	66 
156	40 
157	10 
158	186 
159	122 
160	224 
161	100 
162	145 
163	74 
164	147 
165	233 
166	123 
167	132 
168	225 
169	27 
170	48 
171	153 
172	71 
173	26 
174	270 
175	139 
176	231 
177	200 
178	299 
179	2 
180	17 
181	288 
182	19 
183	199 
184	301 
185	153 
186	103 
187	22 
188	214 
189	241 
190	252 
191	69 
192	26 
193	199 
194	55 
195	267 
196	184 
197	280 
198	162 
199	260 
200	206 
201	117 
202	118 
203	154 
204	158 
205	27 
206	15 
207	285 
208	274 
209	168 
210	178 
211	239 
212	188 
213	23 
214	120 
215	85 
216	79 
217	129 
218	137 
219	266 
220	271 
221	251 
222	137 
223	121 
224	219 
225	180 
226	272 
227	172 
228	7 
229	173 
230	158 
231	12 
232	284 
233	243 
234	272 
235	183 
236	7 
237	245 
238	295 
239	36 
240	136 
241	261 
242	13 
243	36 
244	123 
245	230 
246	195 
247	108 
248	11 
249	21 
250	59 
251	240 
252	265 
253	192 
254	235 
255	243 
256	100 
257	168 
258	61 
259	244 
260	184 
261	258 
262	25 
263	78 
264	80 
265	235 
266	228 
267	64 
268	248 
269	127 
270	197 
271	202 
272	95 
273	171 
274	78 
275	220 
276	227 
277	239 
278	209 
279	220 
280	255 
281	146 
282	244 
283	198 
284	241 
285	61 
286	66 
287	35 
288	176 
289	175 
290	197 
291	38 
292	37 
293	103 
294	136 
295	300 
296	268 
297	4 
298	45 
299	104 
300	198 
301	229 
302	205 
303	129 
304	117 
305	109 
306	124 
307	157 
308	146 
309	247 
310	99 
311	91 
312	53 
313	143 
314	203 
315	91 
316	97 
317	291 
318	300 
319	56 
320	89 
321	43 
322	249 
323	185 
324	126 
325	131 
326	230 
327	170 
328	126 
329	53 
330	99 
331	300 
332	148 
333	294 
334	214 
335	104 
336	143 
337	28 
338	105 
339	221 
340	132 
341	144 
342	221 
343	239 
344	61 
345	128 
346	124 
347	212 
348	70 
349	61 
350	275 
351	78 
352	154 
353	169 
354	39 
355	8 
356	119 
357	118 
358	128 
359	184 
360	137 
361	162 
362	225 
363	272 
364	249 
365	283 
366	288 
367	116 
368	49 
369	190 
370	47 
371	122 
372	268 
373	267 
374	284 
375	212 
376	300 
377	251 
378	106 
379	149 
380	293 
381	129 
382	177 
383	57 
384	254 
385	112 
386	94 
387	190 
388	45 
389	268 
390	98 
391	275 
392	166 
393	19 
394	145 
395	90 
396	203 
397	187 
398	10 
399	292 
400	203 
401	242 
402	182 
403	205 
404	30 
405	174 
406	192 
407	199 
408	254 
409	150 
410	222 
411	178 
412	123 
413	17 
414	126 
415	224 
416	150 
417	49 
418	95 
419	173 
420	224 
421	5 
422	179 
423	4 
424	289 
425	263 
426	70 
427	266 
428	123 
429	153 
430	299 
431	31 
432	11 
433	25 
434	229 
435	3 
436	26 
437	8 
438	5 
439	27 
440	249 
441	298 
442	222 
443	108 
444	11 
445	150 
446	157 
447	155 
448	165 
449	15 
450	248 
451	51 
452	54 
453	54 
454	91 
455	27 
456	77 
457	184 
458	226 
459	236 
460	59 
461	197 
462	197 
463	7 
464	188 
465	78 
466	162 
467	109 
468	91 
469	158 
470	179 
471	80 
472	213 
473	279 
474	287 
475	80 
476	98 
477	143 
478	76 
479	289 
480	194 
481	97 
482	7 
483	160 
484	240 
485	36 
486	74 
487	61 
488	32 
489	115 
490	34 
491	292 
492	6 
493	301 
494	81 
495	230 
496	250 
497	283 
498	251 
499	5 
500	115 
501	93 
502	89 
503	77 
504	50 
505	271 
506	64 
507	165 
508	214 
509	152 
510	152 
511	99 
512	247 
513	229 
514	5 
515	86 
516	195 
517	205 
518	25 
519	260 
520	264 
521	180 
522	98 
523	286 
524	24 
525	71 
526	41 
527	281 
528	195 
529	82 
530	75 
531	72 
532	154 
533	59 
534	209 
535	76 
536	184 
537	29 
538	146 
539	165 
540	182 
541	203 
542	148 
543	146 
544	220 
545	196 
546	232 
547	74 
548	70 
549	290 
550	265 
551	108 
552	243 
553	291 
554	205 
555	153 
556	151 
557	250 
558	33 
559	90 
560	200 
561	157 
562	23 
563	233 
564	106 
565	187 
566	100 
567	90 
568	39 
569	167 
570	231 
571	62 
572	232 
573	179 
574	55 
575	113 
576	140 
577	17 
578	137 
579	265 
580	261 
581	33 
582	70 
583	54 
584	52 
585	121 
586	34 
587	137 
588	211 
589	37 
590	265 
591	61 
592	178 
593	175 
594	79 
595	29 
596	60 
597	280 
598	284 
599	71 
600	278 
601	178 
602	184 
603	3 
604	193 
605	190 
606	94 
607	134 
608	39 
609	125 
610	200 
611	193 
612	49 
613	269 
614	279 
615	100 
616	171 
617	74 
618	25 
619	98 
620	36 
621	159 
622	112 
623	62 
624	249 
625	59 
626	145 
627	188 
628	278 
629	177 
630	43 
631	27 
632	206 
633	173 
634	45 
635	124 
636	296 
637	23 
638	11 
639	70 
640	193 
641	182 
642	205 
643	217 
644	38 
645	93 
646	253 
647	112 
648	212 
649	235 
650	151 
651	184 
652	277 
653	190 
654	191 
655	194 
656	284 
657	118 
658	73 
659	52 
660	296 
661	183 
662	223 
663	96 
664	168 
665	137 
666	68 
667	264 
668	8 
669	41 
670	247 
671	278 
672	89 
673	172 
674	144 
675	122 
676	153 
677	89 
678	68 
679	178 
680	135 
681	40 
682	207 
683	88 
684	238 
685	211 
686	255 
687	86 
688	151 
689	187 
690	6 
691	163 
692	15 
693	62 
694	225 
695	14 
696	298 
697	240 
698	266 
699	233 
700	193 
701	195 
702	126 
703	158 
704	234 
705	185 
706	75 
707	141 
708	2 
709	25 
710	262 
711	196 
712	24 
713	210 
714	55 
715	201 
716	273 
717	81 
718	92 
719	113 
720	131 
721	151 
722	55 
723	42 
724	153 
725	46 
726	76 
727	102 
728	136 
729	121 
730	5 
731	168 
732	155 
733	188 
734	87 
735	198 
736	188 
737	87 
738	159 
739	222 
740	194 
741	298 
742	133 
743	175 
744	194 
745	243 
746	94 
747	61 
748	189 
749	104 
750	205 
751	290 
752	205 
753	274 
754	54 
755	170 
756	148 
757	43 
758	19 
759	41 
760	209 
761	4 
762	14 
763	31 
764	183 
765	244 
766	76 
767	172 
768	264 
769	224 
770	155 
771	50 
772	23 
773	198 
774	229 
775	222 
776	282 
777	123 
778	190 
779	177 
780	256 
781	223 
782	267 
783	187 
784	201 
785	71 
786	200 
787	119 
788	222 
789	271 
790	50 
791	183 
792	107 
793	77 
794	264 
795	144 
796	106 
797	125 
798	17 
799	165 
800	268 
801	87 
802	190 
803	78 
804	204 
805	285 
806	48 
807	240 
808	70 
809	234 
810	93 
811	59 
812	200 
813	196 
814	106 
815	102 
816	207 
817	201 
818	221 
819	129 
820	24 
821	174 
822	123 
823	234 
824	62 
825	160 
826	77 
827	246 
828	284 
829	59 
830	150 
831	125 
832	14 
833	104 
834	273 
835	155 
836	133 
837	102 
838	78 
839	289 
840	291 
841	41 
842	273 
843	90 
844	83 
845	49 
846	112 
847	244 
848	241 
849	260 
850	37 
851	132 
852	3 
853	19 
854	155 
855	162 
856	66 
857	81 
858	245 
859	95 
860	66 
861	15 
862	204 
863	276 
864	300 
865	233 
866	52 
867	159 
868	173 
869	17 
870	162 
871	104 
872	125 
873	166 
874	37 
875	193 
876	241 
877	239 
878	208 
879	180 
880	87 
881	160 
882	17 
883	87 
884	128 
885	53 
886	48 
887	278 
888	217 
889	202 
890	97 
891	32 
892	131 
893	88 
894	14 
895	202 
896	246 
897	82 
898	268 
899	212 
900	111 
901	268 
902	203 
903	122 
904	213 
905	13 
906	61 
907	88 
908	58 
909	140 
910	62 
911	72 
912	14 
913	122 
914	145 
915	178 
916	73 
917	230 
918	212 
919	246 
920	107 
921	40 
922	1 
923	5 
924	57 
925	250 
926	21 
927	87 
928	104 
929	15 
930	85 
931	109 
932	289 
933	65 
934	61 
935	215 
936	187 
937	238 
938	162 
939	152 
940	70 
941	292 
942	199 
943	106 
944	198 
945	86 
946	94 
947	228 
948	177 
949	81 
950	22 
951	264 
952	29 
953	226 
954	113 
955	128 
956	129 
957	233 
958	60 
959	229 
960	29 
961	107 
962	237 
963	173 
964	62 
965	99 
966	113 
967	140 
968	265 
969	211 
970	1 
971	30 
972	45 
973	116 
974	83 
975	129 
976	239 
977	28 
978	235 
979	169 
980	31 
981	264 
982	20 
983	168 
984	150 
985	55 
986	297 
987	122 
988	44 
989	82 
990	70 
991	206 
992	120 
993	43 
994	225 
995	227 
996	179 
997	124 
998	116 
999	76 
1000	38 
1001	95 
1002	140 
1003	162 
1004	17 
1005	73 
1006	281 
1007	67 
1008	251 
1009	245 
1010	204 
1011	289 
1012	28 
1013	282 
1014	199 
1015	83 
1016	89 
1017	272 
1018	298 
1019	11 
1020	207 
1021	22 
1022	124 
1023	99 
1024	123 
1025	26 
1026	167 
1027	128 
1028	294 
1029	269 
1030	219 
1031	249 
1032	205 
1033	230 
1034	230 
1035	287 
1036	123 
1037	131 
1038	59 
1039	241 
1040	167 
1041	161 
1042	160 
1043	220 
1044	296 
1045	62 
1046	296 
1047	35 
1048	71 
1049	215 
1050	30 
1051	144 
1052	2 
1053	241 
1054	273 
1055	166 
1056	219 
1057	201 
1058	102 
1059	142 
1060	105 
1061	206 
1062	278 
1063	181 
1064	8 
1065	144 
1066	2 
1067	130 
1068	13 
1069	182 
1070	75 
1071	205 
1072	104 
1073	203 
1074	117 
1075	282 
1076	202 
1077	99 
1078	298 
1079	1 
1080	34 
1081	276 
1082	243 
1083	24 
1084	157 
1085	85 
1086	29 
1087	54 
1088	53 
1089	57 
1090	278 
1091	240 
1092	64 
1093	3 
1094	262 
1095	52 
1096	168 
1097	209 
1098	158 
1099	174 
1100	227 
1101	85 
1102	159 
1103	24 
1104	54 
1105	217 
1106	150 
1107	159 
1108	3 
1109	36 
1110	237 
1111	154 
1112	65 
1113	248 
1114	282 
1115	190 
1116	140 
1117	133 
1118	294 
1119	34 
1120	81 
1121	205 
1122	25 
1123	78 
1124	59 
1125	199 
1126	150 
1127	194 
1128	269 
1129	5 
1130	223 
1131	194 
1132	124 
1133	297 
1134	193 
1135	114 
1136	26 
1137	16 
1138	76 
1139	199 
1140	32 
1141	255 
1142	128 
1143	139 
1144	202 
1145	220 
1146	161 
1147	110 
1148	188 
1149	235 
1150	89 
1151	170 
1152	201 
1153	177 
1154	240 
1155	22 
1156	268 
1157	109 
1158	177 
1159	5 
1160	169 
1161	266 
1162	234 
1163	163 
1164	232 
1165	121 
1166	162 
1167	121 
1168	5 
1169	215 
1170	84 
1171	99 
1172	286 
1173	259 
1174	255 
1175	180 
1176	31 
1177	4 
1178	17 
1179	187 
1180	80 
1181	276 
1182	131 
1183	186 
1184	177 
1185	112 
1186	5 
1187	26 
1188	130 
1189	68 
1190	150 
1191	186 
1192	190 
1193	116 
1194	265 
1195	119 
1196	196 
1197	47 
1198	123 
1199	258 
1200	128 
1201	19 
1202	150 
1203	89 
1204	299 
1205	192 
1206	73 
1207	51 
1208	255 
1209	22 
1210	121 
1211	133 
1212	48 
1213	248 
1214	210 
1215	160 
1216	63 
1217	51 
1218	271 
1219	262 
1220	214 
1221	36 
1222	23 
1223	148 
1224	257 
1225	279 
1226	269 
1227	27 
1228	200 
1229	6 
1230	170 
1231	284 
1232	72 
1233	177 
1234	237 
1235	219 
1236	73 
1237	39 
1238	193 
1239	235 
1240	255 
1241	90 
1242	112 
1243	296 
1244	19 
1245	287 
1246	76 
1247	27 
1248	102 
1249	247 
1250	254 
1251	235 
1252	212 
1253	49 
1254	101 
1255	105 
1256	152 
1257	96 
1258	137 
1259	258 
1260	165 
1261	54 
1262	190 
1263	46 
1264	133 
1265	200 
1266	144 
1267	141 
1268	133 
1269	59 
1270	273 
1271	3 
1272	8 
1273	114 
1274	29 
1275	227 
1276	12 
1277	259 
1278	142 
1279	194 
1280	3 
1281	126 
1282	46 
1283	81 
1284	48 
1285	4 
1286	35 
1287	155 
1288	201 
1289	187 
1290	297 
1291	100 
1292	136 
1293	170 
1294	278 
1295	24 
1296	173 
1297	39 
1298	24 
1299	17 
1300	167 
1301	131 
1302	256 
1303	145 
1304	289 
1305	234 
1306	248 
1307	257 
1308	254 
1309	228 
1310	143 
1311	30 
1312	245 
1313	138 
1314	98 
1315	184 
1316	152 
1317	301 
1318	121 
1319	143 
1320	116 
1321	298 
1322	250 
1323	154 
1324	277 
1325	282 
1326	44 
1327	6 
1328	243 
1329	186 
1330	66 
1331	128 
1332	118 
1333	74 
1334	76 
1335	27 
1336	225 
1337	137 
1338	66 
1339	176 
1340	223 
1341	234 
1342	119 
1343	35 
1344	180 
1345	108 
1346	270 
1347	120 
1348	114 
1349	300 
1350	72 
1351	117 
1352	281 
1353	134 
1354	216 
1355	63 
1356	67 
1357	293 
1358	122 
1359	68 
1360	217 
1361	60 
1362	21 
1363	205 
1364	223 
1365	184 
1366	129 
1367	110 
1368	74 
1369	142 
1370	231 
1371	233 
1372	186 
1373	127 
1374	288 
1375	78 
1376	117 
1377	202 
1378	233 
1379	227 
1380	35 
1381	126 
1382	47 
1383	163 
1384	82 
1385	262 
1386	57 
1387	8 
1388	125 
1389	244 
1390	288 
1391	132 
1392	113 
1393	101 
1394	40 
1395	19 
1396	40 
1397	201 
1398	228 
1399	215 
1400	240 
1401	261 
1402	105 
1403	108 
1404	231 
1405	270 
1406	79 
1407	263 
1408	233 
1409	261 
1410	155 
1411	185 
1412	238 
1413	271 
1414	280 
1415	204 
1416	54 
1417	200 
1418	11 
1419	17 
1420	261 
1421	138 
1422	267 
1423	287 
1424	93 
1425	292 
1426	108 
1427	145 
1428	31 
1429	250 
1430	160 
1431	75 
1432	93 
1433	4 
1434	99 
1435	207 
1436	28 
1437	156 
1438	4 
1439	125 
1440	31 
1441	284 
1442	33 
1443	160 
1444	193 
1445	107 
1446	204 
1447	110 
1448	280 
1449	149 
1450	127 
1451	73 
1452	213 
1453	69 
1454	265 
1455	94 
1456	169 
1457	156 
1458	230 
1459	200 
1460	44 
1461	122 
1462	179 
1463	174 
1464	100 
1465	250 
1466	150 
1467	122 
1468	281 
1469	268 
1470	221 
1471	281 
1472	120 
1473	87 
1474	184 
1475	216 
1476	53 
1477	23 
1478	22 
1479	129 
1480	194 
1481	105 
1482	119 
1483	271 
1484	53 
1485	175 
1486	20 
1487	136 
1488	37 
1489	119 
1490	287 
1491	89 
1492	80 
1493	144 
1494	21 
1495	202 
1496	81 
1497	158 
1498	209 
1499	36 
1500	148 
1501	290 
1502	49 
1503	93 
1504	97 
1505	205 
1506	71 
1507	71 
1508	94 
1509	72 
1510	21 
1511	179 
1512	61 
1513	290 
1514	137 
1515	145 
1516	121 
1517	52 
1518	173 
1519	95 
1520	27 
1521	89 
1522	76 
1523	12 
1524	149 
1525	161 
1526	115 
1527	241 
1528	222 
1529	189 
1530	103 
1531	205 
1532	111 
1533	219 
1534	143 
1535	95 
1536	112 
1537	131 
1538	41 
1539	258 
1540	232 
1541	251 
1542	284 
1543	139 
1544	299 
1545	40 
1546	20 
1547	21 
1548	204 
1549	89 
1550	94 
1551	194 
1552	190 
1553	13 
1554	1 
1555	275 
1556	232 
1557	273 
1558	188 
1559	146 
1560	120 
1561	172 
1562	44 
1563	134 
1564	35 
1565	138 
1566	76 
1567	162 
1568	223 
1569	48 
1570	158 
1571	236 
1572	57 
1573	232 
1574	214 
1575	1 
1576	134 
1577	31 
1578	47 
1579	110 
1580	203 
1581	182 
1582	196 
1583	14 
1584	233 
1585	112 
1586	172 
1587	35 
1588	11 
1589	281 
1590	172 
1591	61 
1592	234 
1593	233 
1594	135 
1595	128 
1596	295 
1597	70 
1598	184 
1599	253 
1600	234 
1601	53 
1602	300 
1603	272 
1604	290 
1605	157 
1606	262 
1607	80 
1608	137 
1609	185 
1610	49 
1611	241 
1612	227 
1613	194 
1614	269 
1615	262 
1616	88 
1617	227 
1618	3 
1619	159 
1620	227 
1621	140 
1622	246 
1623	135 
1624	72 
1625	87 
1626	138 
1627	297 
1628	249 
1629	12 
1630	297 
1631	125 
1632	205 
1633	233 
1634	74 
1635	115 
1636	277 
1637	152 
1638	25 
1639	247 
1640	301 
1641	157 
1642	113 
1643	68 
1644	106 
1645	28 
1646	99 
1647	179 
1648	153 
1649	97 
1650	221 
1651	243 
1652	74 
1653	272 
1654	269 
1655	222 
1656	149 
1657	26 
1658	16 
1659	53 
1660	64 
1661	272 
1662	11 
1663	187 
1664	184 
1665	219 
1666	45 
1667	237 
1668	20 
1669	162 
1670	98 
1671	225 
1672	110 
1673	88 
1674	206 
1675	105 
1676	277 
1677	283 
1678	50 
1679	153 
1680	100 
1681	62 
1682	189 
1683	248 
1684	130 
1685	231 
1686	88 
1687	235 
1688	173 
1689	187 
1690	204 
1691	67 
1692	205 
1693	105 
1694	43 
1695	224 
1696	28 
1697	223 
1698	231 
1699	65 
1700	191 
1701	174 
1702	25 
1703	219 
1704	127 
1705	274 
1706	43 
1707	59 
1708	289 
1709	166 
1710	25 
1711	251 
1712	235 
1713	41 
1714	218 
1715	23 
1716	174 
1717	131 
1718	3 
1719	50 
1720	299 
1721	35 
1722	179 
1723	103 
1724	118 
1725	19 
1726	31 
1727	232 
1728	210 
1729	262 
1730	245 
1731	33 
1732	227 
1733	199 
1734	85 
1735	7 
1736	157 
1737	19 
1738	268 
1739	294 
1740	224 
1741	113 
1742	233 
1743	125 
1744	98 
1745	26 
1746	148 
1747	36 
1748	48 
1749	106 
1750	226 
1751	247 
1752	105 
1753	94 
1754	301 
1755	155 
1756	61 
1757	199 
1758	69 
1759	39 
1760	285 
1761	247 
1762	129 
1763	170 
1764	229 
1765	128 
1766	196 
1767	90 
1768	92 
1769	280 
1770	129 
1771	164 
1772	290 
1773	292 
1774	245 
1775	91 
1776	197 
1777	255 
1778	286 
1779	190 
1780	212 
1781	20 
1782	8 
1783	73 
1784	241 
1785	240 
1786	39 
1787	63 
1788	258 
1789	88 
1790	149 
1791	29 
1792	78 
1793	184 
1794	196 
1795	137 
1796	295 
1797	168 
1798	137 
1799	135 
1800	150 
1801	272 
1802	142 
1803	138 
1804	21 
1805	171 
1806	48 
1807	263 
1808	286 
1809	25 
1810	203 
1811	9 
1812	18 
1813	125 
1814	7 
1815	174 
1816	201 
1817	220 
1818	33 
1819	59 
1820	134 
1821	40 
1822	108 
1823	15 
1824	275 
1825	201 
1826	219 
1827	143 
1828	101 
1829	25 
1830	268 
1831	240 
1832	259 
1833	298 
1834	110 
1835	1 
1836	19 
1837	17 
1838	294 
1839	173 
1840	164 
1841	196 
1842	179 
1843	111 
1844	175 
1845	53 
1846	166 
1847	198 
1848	71 
1849	45 
1850	277 
1851	270 
1852	300 
1853	227 
1854	179 
1855	171 
1856	182 
1857	166 
1858	208 
1859	62 
1860	217 
1861	84 
1862	291 
1863	289 
1864	98 
1865	280 
1866	298 
1867	59 
1868	171 
1869	141 
1870	78 
1871	143 
1872	29 
1873	109 
1874	39 
1875	24 
1876	172 
1877	132 
1878	160 
1879	247 
1880	272 
1881	159 
1882	166 
1883	39 
1884	218 
1885	183 
1886	1 
1887	257 
1888	281 
1889	288 
1890	131 
1891	90 
1892	283 
1893	181 
1894	78 
1895	126 
1896	40 
1897	123 
1898	89 
1899	246 
1900	86 
1901	227 
1902	128 
1903	113 
1904	40 
1905	262 
1906	50 
1907	24 
1908	55 
1909	204 
1910	187 
1911	234 
1912	262 
1913	173 
1914	59 
1915	46 
1916	6 
1917	71 
1918	215 
1919	164 
1920	283 
1921	142 
1922	23 
1923	275 
1924	68 
1925	272 
1926	250 
1927	97 
1928	155 
1929	275 
1930	8 
1931	166 
1932	181 
1933	71 
1934	36 
1935	284 
1936	224 
1937	49 
1938	99 
1939	45 
1940	298 
1941	61 
1942	227 
1943	223 
1944	104 
1945	108 
1946	110 
1947	101 
1948	72 
1949	160 
1950	241 
1951	288 
1952	129 
1953	1 
1954	102 
1955	260 
1956	282 
1957	150 
1958	37 
1959	253 
1960	32 
1961	249 
1962	84 
1963	142 
1964	109 
1965	7 
1966	160 
1967	270 
1968	127 
1969	301 
1970	198 
1971	188 
1972	242 
1973	14 
1974	268 
1975	199 
1976	203 
1977	271 
1978	64 
1979	131 
1980	50 
1981	295 
1982	215 
1983	108 
1984	190 
1985	253 
1986	271 
1987	214 
1988	117 
1989	167 
1990	223 
1991	67 
1992	92 
1993	299 
1994	48 
1995	70 
1996	289 
1997	201 
1998	75 
1999	180 
2000	88 
2001	118 
2002	264 
2003	271 
2004	183 
2005	41 
2006	159 
2007	32 
2008	117 
2009	204 
2010	247 
2011	176 
2012	268 
2013	276 
2014	26 
2015	27 
2016	126 
2017	10 
2018	201 
2019	81 
2020	152 
2021	46 
2022	272 
2023	161 
2024	212 
2025	124 
2026	156 
2027	266 
2028	38 
2029	26 
2030	214 
2031	106 
2032	31 
2033	290 
2034	214 
2035	130 
2036	206 
2037	74 
2038	129 
2039	191 
2040	205 
2041	292 
2042	133 
2043	148 
2044	79 
2045	136 
2046	73 
2047	259 
2048	207 
2049	24 
2050	78 
2051	239 
2052	233 
2053	97 
2054	112 
2055	213 
2056	30 
2057	143 
2058	273 
2059	259 
2060	70 
2061	115 
2062	105 
2063	16 
2064	247 
2065	139 
2066	63 
2067	296 
2068	260 
2069	119 
2070	132 
2071	287 
2072	54 
2073	275 
2074	137 
2075	88 
2076	301 
2077	155 
2078	90 
2079	261 
2080	144 
2081	278 
2082	128 
2083	145 
2084	123 
2085	158 
2086	158 
2087	200 
2088	240 
2089	246 
2090	224 
2091	109 
2092	181 
2093	92 
2094	193 
2095	149 
2096	38 
2097	6 
2098	106 
2099	66 
2100	59 
2101	261 
2102	216 
2103	48 
2104	267 
2105	196 
2106	281 
2107	92 
2108	87 
2109	174 
2110	24 
2111	212 
2112	259 
2113	254 
2114	161 
2115	22 
2116	54 
2117	17 
2118	226 
2119	301 
2120	229 
2121	300 
2122	258 
2123	262 
2124	301 
2125	133 
2126	66 
2127	19 
2128	87 
2129	147 
2130	114 
2131	247 
2132	232 
2133	56 
2134	290 
2135	18 
2136	161 
2137	131 
2138	266 
2139	266 
2140	136 
2141	87 
2142	280 
2143	20 
2144	217 
2145	262 
2146	129 
2147	195 
2148	233 
2149	234 
2150	48 
2151	124 
2152	127 
2153	296 
2154	52 
2155	281 
2156	146 
2157	259 
2158	246 
2159	242 
2160	193 
2161	168 
2162	38 
2163	154 
2164	106 
2165	103 
2166	256 
2167	27 
2168	190 
2169	25 
2170	272 
2171	79 
2172	267 
2173	76 
2174	203 
2175	33 
2176	47 
2177	86 
2178	234 
2179	101 
2180	208 
2181	180 
2182	125 
2183	277 
2184	54 
2185	43 
2186	119 
2187	107 
2188	254 
2189	232 
2190	240 
2191	249 
2192	141 
2193	224 
2194	165 
2195	153 
2196	39 
2197	180 
2198	166 
2199	94 
2200	193 
2201	249 
2202	82 
2203	113 
2204	219 
2205	282 
2206	127 
2207	279 
2208	216 
2209	292 
2210	299 
2211	78 
2212	193 
2213	146 
2214	90 
2215	43 
2216	225 
2217	25 
2218	66 
2219	28 
2220	152 
2221	189 
2222	259 
2223	216 
2224	132 
2225	70 
2226	113 
2227	238 
2228	213 
2229	300 
2230	286 
2231	249 
2232	143 
2233	27 
2234	102 
2235	27 
2236	32 
2237	151 
2238	5 
2239	26 
2240	149 
2241	83 
2242	133 
2243	227 
2244	137 
2245	127 
2246	56 
2247	222 
2248	67 
2249	277 
2250	88 
2251	109 
2252	172 
2253	137 
2254	247 
2255	59 
2256	54 
2257	156 
2258	153 
2259	203 
2260	4 
2261	168 
2262	89 
2263	206 
2264	263 
2265	244 
2266	150 
2267	76 
2268	151 
2269	178 
2270	41 
2271	239 
2272	248 
2273	225 
2274	260 
2275	172 
2276	19 
2277	203 
2278	4 
2279	134 
2280	293 
2281	268 
2282	240 
2283	150 
2284	234 
2285	184 
2286	70 
2287	179 
2288	3 
2289	46 
2290	64 
2291	112 
2292	101 
2293	173 
2294	153 
2295	167 
2296	229 
2297	144 
2298	256 
2299	300 
2300	72 
2301	49 
2302	148 
2303	278 
2304	243 
2305	25 
2306	290 
2307	276 
2308	60 
2309	190 
2310	135 
2311	71 
2312	135 
2313	219 
2314	47 
2315	281 
2316	224 
2317	105 
2318	2 
2319	176 
2320	145 
2321	28 
2322	87 
2323	240 
2324	179 
2325	278 
2326	264 
2327	232 
2328	259 
2329	21 
2330	297 
2331	58 
2332	101 
2333	29 
2334	228 
2335	241 
2336	259 
2337	118 
2338	122 
2339	93 
2340	161 
2341	66 
2342	230 
2343	201 
2344	259 
2345	200 
2346	236 
2347	299 
2348	47 
2349	67 
2350	33 
2351	276 
2352	157 
2353	301 
2354	27 
2355	136 
2356	267 
2357	20 
2358	54 
2359	150 
2360	49 
2361	148 
2362	235 
2363	72 
2364	155 
2365	20 
2366	22 
2367	143 
2368	294 
2369	203 
2370	104 
2371	136 
2372	293 
2373	146 
2374	184 
2375	69 
2376	48 
2377	216 
2378	165 
2379	149 
2380	113 
2381	74 
2382	160 
2383	208 
2384	289 
2385	81 
2386	257 
2387	273 
2388	167 
2389	268 
2390	51 
2391	244 
2392	25 
2393	224 
2394	68 
2395	190 
2396	173 
2397	286 
2398	50 
2399	108 
2400	10 
2401	76 
2402	283 
2403	190 
2404	229 
2405	25 
2406	278 
2407	102 
2408	147 
2409	128 
2410	195 
2411	258 
2412	288 
2413	256 
2414	275 
2415	67 
2416	41 
2417	224 
2418	121 
2419	200 
2420	138 
2421	48 
2422	290 
2423	222 
2424	16 
2425	92 
2426	115 
2427	38 
2428	144 
2429	187 
2430	297 
2431	101 
2432	64 
2433	72 
2434	266 
2435	36 
2436	293 
2437	14 
2438	213 
2439	145 
2440	170 
2441	32 
2442	186 
2443	76 
2444	202 
2445	150 
2446	3 
2447	178 
2448	269 
2449	150 
2450	75 
2451	206 
2452	124 
2453	44 
2454	196 
2455	144 
2456	254 
2457	206 
2458	32 
2459	80 
2460	57 
2461	48 
2462	226 
2463	62 
2464	31 
2465	4 
2466	143 
2467	70 
2468	166 
2469	73 
2470	202 
2471	177 
2472	26 
2473	200 
2474	59 
2475	52 
2476	214 
2477	71 
2478	59 
2479	27 
2480	232 
2481	100 
2482	70 
2483	50 
2484	227 
2485	253 
2486	100 
2487	71 
2488	104 
2489	147 
2490	153 
2491	62 
2492	37 
2493	256 
2494	8 
2495	136 
2496	193 
2497	176 
2498	282 
2499	136 
2500	46 
2501	40 
2502	17 
2503	293 
2504	177 
2505	32 
2506	167 
2507	26 
2508	231 
2509	102 
2510	144 
2511	252 
2512	88 
2513	229 
2514	154 
2515	160 
2516	39 
2517	78 
2518	118 
2519	124 
2520	68 
2521	189 
2522	78 
2523	166 
2524	52 
2525	155 
2526	162 
2527	275 
2528	90 
2529	267 
2530	104 
2531	71 
2532	204 
2533	104 
2534	21 
2535	276 
2536	61 
2537	231 
2538	125 
2539	275 
2540	264 
2541	131 
2542	184 
2543	203 
2544	164 
2545	295 
2546	18 
2547	151 
2548	151 
2549	155 
2550	107 
2551	218 
2552	211 
2553	65 
2554	182 
2555	52 
2556	138 
2557	196 
2558	11 
2559	236 
2560	240 
2561	199 
2562	30 
2563	168 
2564	102 
2565	26 
2566	35 
2567	83 
2568	66 
2569	247 
2570	158 
2571	190 
2572	62 
2573	145 
2574	127 
2575	24 
2576	203 
2577	298 
2578	244 
2579	220 
2580	31 
2581	66 
2582	99 
2583	285 
2584	61 
2585	51 
2586	190 
2587	250 
2588	222 
2589	260 
2590	205 
2591	197 
2592	286 
2593	138 
2594	255 
2595	88 
2596	137 
2597	95 
2598	12 
2599	92 
2600	78 
2601	203 
2602	50 
2603	15 
2604	12 
2605	209 
2606	193 
2607	264 
2608	163 
2609	83 
2610	2 
2611	266 
2612	9 
2613	75 
2614	158 
2615	190 
2616	45 
2617	259 
2618	164 
2619	98 
2620	122 
2621	287 
2622	194 
2623	161 
2624	276 
2625	60 
2626	136 
2627	5 
2628	85 
2629	289 
2630	146 
2631	197 
2632	220 
2633	117 
2634	23 
2635	270 
2636	103 
2637	62 
2638	257 
2639	20 
2640	265 
2641	31 
2642	181 
2643	112 
2644	104 
2645	45 
2646	250 
2647	147 
2648	67 
2649	22 
2650	203 
2651	156 
2652	292 
2653	73 
2654	225 
2655	157 
2656	89 
2657	111 
2658	279 
2659	296 
2660	259 
2661	122 
2662	78 
2663	255 
2664	127 
2665	129 
2666	67 
2667	212 
2668	105 
2669	48 
2670	262 
2671	96 
2672	194 
2673	180 
2674	75 
2675	141 
2676	3 
2677	162 
2678	18 
2679	190 
2680	267 
2681	271 
2682	250 
2683	148 
2684	204 
2685	235 
2686	219 
2687	67 
2688	140 
2689	70 
2690	54 
2691	72 
2692	230 
2693	50 
2694	144 
2695	188 
2696	71 
2697	144 
2698	153 
2699	84 
2700	230 
2701	116 
2702	221 
2703	241 
2704	44 
2705	19 
2706	98 
2707	216 
2708	128 
2709	85 
2710	276 
2711	178 
2712	33 
2713	4 
2714	292 
2715	250 
2716	204 
2717	234 
2718	187 
2719	57 
2720	17 
2721	279 
2722	2 
2723	181 
2724	49 
2725	84 
2726	31 
2727	114 
2728	232 
2729	230 
2730	46 
2731	138 
2732	231 
2733	260 
2734	180 
2735	200 
2736	83 
2737	158 
2738	49 
2739	138 
2740	145 
2741	105 
2742	69 
2743	37 
2744	154 
2745	300 
2746	122 
2747	109 
2748	284 
2749	233 
2750	247 
2751	272 
2752	208 
2753	276 
2754	206 
2755	207 
2756	247 
2757	129 
2758	277 
2759	19 
2760	136 
2761	6 
2762	126 
2763	259 
2764	264 
2765	127 
2766	86 
2767	197 
2768	279 
2769	255 
2770	162 
2771	76 
2772	161 
2773	4 
2774	21 
2775	61 
2776	125 
2777	80 
2778	43 
2779	263 
2780	278 
2781	195 
2782	280 
2783	233 
2784	173 
2785	153 
2786	251 
2787	202 
2788	194 
2789	87 
2790	161 
2791	80 
2792	206 
2793	227 
2794	219 
2795	55 
2796	71 
2797	234 
2798	74 
2799	275 
2800	48 
2801	292 
2802	78 
2803	209 
2804	75 
2805	240 
2806	36 
2807	8 
2808	294 
2809	266 
2810	151 
2811	284 
2812	17 
2813	20 
2814	173 
2815	158 
2816	271 
2817	269 
2818	286 
2819	57 
2820	201 
2821	19 
2822	117 
2823	46 
2824	37 
2825	55 
2826	142 
2827	92 
2828	104 
2829	235 
2830	239 
2831	110 
2832	50 
2833	213 
2834	89 
2835	148 
2836	125 
2837	49 
2838	253 
2839	230 
2840	113 
2841	278 
2842	179 
2843	121 
2844	203 
2845	90 
2846	237 
2847	78 
2848	116 
2849	184 
2850	9 
2851	216 
2852	113 
2853	285 
2854	8 
2855	79 
2856	110 
2857	166 
2858	210 
2859	19 
2860	222 
2861	19 
2862	124 
2863	269 
2864	124 
2865	87 
2866	147 
2867	1 
2868	294 
2869	196 
2870	276 
2871	240 
2872	146 
2873	170 
2874	256 
2875	196 
2876	33 
2877	231 
2878	293 
2879	162 
2880	92 
2881	173 
2882	97 
2883	52 
2884	192 
2885	160 
2886	42 
2887	158 
2888	93 
2889	218 
2890	95 
2891	15 
2892	157 
2893	258 
2894	124 
2895	189 
2896	280 
2897	287 
2898	59 
2899	173 
2900	191 
2901	104 
2902	162 
2903	193 
2904	91 
2905	137 
2906	20 
2907	78 
2908	95 
2909	99 
2910	76 
2911	278 
2912	199 
2913	150 
2914	104 
2915	100 
2916	86 
2917	70 
2918	121 
2919	200 
2920	247 
2921	159 
2922	12 
2923	188 
2924	259 
2925	25 
2926	264 
2927	261 
2928	68 
2929	141 
2930	208 
2931	66 
2932	3 
2933	250 
2934	123 
2935	175 
2936	66 
2937	195 
2938	254 
2939	195 
2940	157 
2941	14 
2942	143 
2943	52 
2944	111 
2945	44 
2946	248 
2947	145 
2948	36 
2949	136 
2950	235 
2951	212 
2952	268 
2953	60 
2954	160 
2955	174 
2956	173 
2957	227 
2958	85 
2959	124 
2960	87 
2961	70 
2962	231 
2963	104 
2964	282 
2965	158 
2966	272 
2967	281 
2968	21 
2969	227 
2970	110 
2971	233 
2972	3 
2973	241 
2974	144 
2975	297 
2976	284 
2977	33 
2978	101 
2979	129 
2980	15 
2981	55 
2982	19 
2983	286 
2984	164 
2985	187 
2986	155 
2987	100 
2988	93 
2989	121 
2990	258 
2991	79 
2992	47 
2993	129 
2994	141 
2995	212 
2996	59 
2997	68 
2998	197 
2999	212 
3000	179 
3001	147 
3002	28 
3003	167 
3004	239 
3005	67 
3006	75 
3007	217 
3008	103 
3009	119 
3010	250 
3011	61 
3012	29 
3013	162 
3014	50 
3015	295 
3016	265 
3017	65 
3018	170 
3019	31 
3020	26 
3021	67 
3022	104 
3023	129 
3024	165 
3025	158 
3026	105 
3027	129 
3028	165 
3029	6 
3030	287 
3031	189 
3032	76 
3033	33 
3034	27 
3035	59 
3036	157 
3037	170 
3038	112 
3039	88 
3040	139 
3041	60 
3042	227 
3043	43 
3044	270 
3045	208 
3046	25 
3047	133 
3048	290 
3049	290 
3050	168 
3051	215 
3052	134 
3053	156 
3054	53 
3055	98 
3056	33 
3057	113 
3058	176 
3059	221 
3060	61 
3061	271 
3062	134 
3063	276 
3064	162 
3065	133 
3066	24 
3067	94 
3068	101 
3069	49 
3070	151 
3071	177 
3072	80 
3073	242 
3074	69 
3075	161 
3076	274 
3077	48 
3078	142 
3079	149 
3080	194 
3081	66 
3082	289 
3083	237 
3084	82 
3085	41 
3086	86 
3087	122 
3088	260 
3089	17 
3090	281 
3091	96 
3092	108 
3093	162 
3094	252 
3095	287 
3096	234 
3097	298 
3098	9 
3099	267 
3100	276 
3101	48 
3102	194 
3103	54 
3104	104 
3105	74 
3106	279 
3107	64 
3108	237 
3109	222 
3110	203 
3111	210 
3112	176 
3113	265 
3114	116 
3115	53 
3116	144 
3117	64 
3118	289 
3119	210 
3120	86 
3121	30 
3122	68 
3123	280 
3124	19 
3125	27 
3126	37 
3127	155 
3128	75 
3129	194 
3130	220 
3131	102 
3132	27 
3133	145 
3134	130 
3135	220 
3136	224 
3137	127 
3138	188 
3139	67 
3140	217 
3141	142 
3142	174 
3143	135 
3144	47 
3145	119 
3146	53 
3147	18 
3148	235 
3149	68 
3150	216 
3151	145 
3152	57 
3153	266 
3154	277 
3155	141 
3156	4 
3157	274 
3158	35 
3159	15 
3160	217 
3161	266 
3162	212 
3163	255 
3164	88 
3165	31 
3166	44 
3167	14 
3168	53 
3169	102 
3170	277 
3171	264 
3172	203 
3173	16 
3174	167 
3175	300 
3176	31 
3177	267 
3178	123 
3179	290 
3180	93 
3181	247 
3182	92 
3183	45 
3184	174 
3185	181 
3186	12 
3187	172 
3188	129 
3189	184 
3190	262 
3191	105 
3192	68 
3193	199 
3194	189 
3195	69 
3196	128 
3197	137 
3198	217 
3199	231 
3200	18 
3201	31 
3202	184 
3203	77 
3204	55 
3205	155 
3206	278 
3207	218 
3208	212 
3209	5 
3210	126 
3211	232 
3212	153 
3213	178 
3214	157 
3215	260 
3216	120 
3217	92 
3218	202 
3219	252 
3220	46 
3221	32 
3222	49 
3223	221 
3224	4 
3225	270 
3226	275 
3227	203 
3228	66 
3229	67 
3230	300 
3231	80 
3232	14 
3233	260 
3234	65 
3235	160 
3236	28 
3237	103 
3238	52 
3239	194 
3240	9 
3241	102 
3242	234 
3243	129 
3244	106 
3245	205 
3246	277 
3247	203 
3248	248 
3249	290 
3250	1 
3251	56 
3252	160 
3253	289 
3254	178 
3255	298 
3256	62 
3257	236 
3258	228 
3259	72 
3260	50 
3261	48 
3262	295 
3263	110 
3264	167 
3265	67 
3266	260 
3267	199 
3268	8 
3269	137 
3270	198 
3271	26 
3272	83 
3273	104 
3274	19 
3275	46 
3276	295 
3277	258 
3278	150 
3279	122 
3280	76 
3281	134 
3282	168 
3283	12 
3284	82 
3285	124 
3286	273 
3287	34 
3288	23 
3289	288 
3290	13 
3291	218 
3292	90 
3293	62 
3294	212 
3295	220 
3296	73 
3297	238 
3298	211 
3299	87 
3300	158 
3301	74 
3302	253 
3303	255 
3304	16 
3305	103 
3306	36 
3307	132 
3308	179 
3309	226 
3310	208 
3311	36 
3312	188 
3313	193 
3314	105 
3315	20 
3316	92 
3317	21 
3318	103 
3319	1 
3320	190 
3321	71 
3322	13 
3323	234 
3324	277 
3325	227 
3326	272 
3327	98 
3328	190 
3329	35 
3330	105 
3331	195 
3332	14 
3333	295 
3334	90 
3335	117 
3336	190 
3337	239 
3338	68 
3339	23 
3340	171 
3341	156 
3342	71 
3343	53 
3344	267 
3345	187 
3346	222 
3347	145 
3348	168 
3349	17 
3350	102 
3351	36 
3352	63 
3353	290 
3354	252 
3355	45 
3356	272 
3357	217 
3358	94 
3359	46 
3360	66 
3361	65 
3362	64 
3363	158 
3364	271 
3365	29 
3366	103 
3367	233 
3368	5 
3369	218 
3370	53 
3371	211 
3372	79 
3373	263 
3374	153 
3375	181 
3376	209 
3377	244 
3378	294 
3379	151 
3380	278 
3381	52 
3382	244 
3383	170 
3384	282 
3385	3 
3386	119 
3387	35 
3388	87 
3389	106 
3390	277 
3391	219 
3392	17 
3393	298 
3394	119 
3395	85 
3396	193 
3397	155 
3398	1 
3399	259 
3400	18 
3401	173 
3402	136 
3403	287 
3404	10 
3405	201 
3406	57 
3407	162 
3408	60 
3409	216 
3410	126 
3411	52 
3412	5 
3413	130 
3414	54 
3415	76 
3416	51 
3417	33 
3418	136 
3419	271 
3420	225 
3421	31 
3422	3 
3423	208 
3424	135 
3425	297 
3426	103 
3427	296 
3428	272 
3429	220 
3430	190 
3431	91 
3432	227 
3433	210 
3434	95 
3435	146 
3436	55 
3437	206 
3438	233 
3439	227 
3440	136 
3441	213 
3442	287 
3443	26 
3444	5 
3445	178 
3446	170 
3447	51 
3448	167 
3449	293 
3450	147 
3451	208 
3452	188 
3453	225 
3454	4 
3455	104 
3456	70 
3457	225 
3458	300 
3459	146 
3460	1 
3461	252 
3462	142 
3463	180 
3464	61 
3465	177 
3466	261 
3467	164 
3468	262 
3469	227 
3470	271 
3471	154 
3472	279 
3473	181 
3474	194 
3475	61 
3476	75 
3477	97 
3478	224 
3479	89 
3480	276 
3481	293 
3482	93 
3483	157 
3484	285 
3485	26 
3486	219 
3487	132 
3488	16 
3489	61 
3490	21 
3491	191 
3492	139 
3493	257 
3494	57 
3495	107 
3496	101 
3497	161 
3498	233 
3499	146 
3500	181 
3501	52 
3502	271 
3503	206 
3504	236 
3505	276 
3506	50 
3507	123 
3508	136 
3509	242 
3510	220 
3511	283 
3512	234 
3513	41 
3514	297 
3515	262 
3516	287 
3517	171 
3518	224 
3519	178 
3520	61 
3521	48 
3522	154 
3523	301 
3524	14 
3525	140 
3526	144 
3527	99 
3528	62 
3529	205 
3530	160 
3531	118 
3532	10 
3533	105 
3534	268 
3535	32 
3536	252 
3537	54 
3538	270 
3539	285 
3540	293 
3541	47 
3542	206 
3543	90 
3544	271 
3545	258 
3546	174 
3547	71 
3548	244 
3549	166 
3550	228 
3551	274 
3552	24 
3553	10 
3554	106 
3555	277 
3556	218 
3557	61 
3558	131 
3559	38 
3560	107 
3561	203 
3562	268 
3563	50 
3564	95 
3565	168 
3566	95 
3567	179 
3568	45 
3569	90 
3570	80 
3571	52 
3572	42 
3573	25 
3574	6 
3575	204 
3576	239 
3577	73 
3578	212 
3579	262 
3580	107 
3581	25 
3582	66 
3583	4 
3584	83 
3585	247 
3586	134 
3587	250 
3588	289 
3589	256 
3590	233 
3591	67 
3592	93 
3593	256 
3594	170 
3595	202 
3596	165 
3597	208 
3598	287 
3599	172 
3600	104 
3601	262 
3602	206 
3603	18 
3604	260 
3605	76 
3606	72 
3607	62 
3608	199 
3609	18 
3610	149 
3611	173 
3612	251 
3613	166 
3614	72 
3615	293 
3616	227 
3617	49 
3618	72 
3619	134 
3620	283 
3621	59 
3622	69 
3623	83 
3624	133 
3625	170 
3626	7 
3627	197 
3628	113 
3629	49 
3630	178 
3631	110 
3632	178 
3633	114 
3634	185 
3635	260 
3636	211 
3637	6 
3638	202 
3639	184 
3640	96 
3641	23 
3642	158 
3643	90 
3644	81 
3645	185 
3646	33 
3647	7 
3648	33 
3649	30 
3650	127 
3651	187 
3652	175 
3653	108 
3654	4 
3655	207 
3656	30 
3657	111 
3658	154 
3659	240 
3660	98 
3661	284 
3662	42 
3663	78 
3664	219 
3665	98 
3666	121 
3667	141 
3668	240 
3669	212 
3670	85 
3671	98 
3672	109 
3673	80 
3674	249 
3675	70 
3676	250 
3677	220 
3678	206 
3679	25 
3680	211 
3681	215 
3682	282 
3683	82 
3684	194 
3685	197 
3686	293 
3687	186 
3688	291 
3689	70 
3690	262 
3691	95 
3692	108 
3693	62 
3694	24 
3695	89 
3696	96 
3697	231 
3698	243 
3699	234 
3700	100 
3701	276 
3702	224 
3703	277 
3704	6 
3705	10 
3706	219 
3707	14 
3708	278 
3709	168 
3710	301 
3711	53 
3712	299 
3713	187 
3714	46 
3715	97 
3716	236 
3717	203 
3718	230 
3719	27 
3720	103 
3721	210 
3722	102 
3723	152 
3724	73 
3725	235 
3726	223 
3727	32 
3728	192 
3729	191 
3730	293 
3731	160 
3732	51 
3733	235 
3734	295 
3735	53 
3736	267 
3737	224 
3738	119 
3739	90 
3740	286 
3741	36 
3742	210 
3743	115 
3744	149 
3745	4 
3746	231 
3747	127 
3748	276 
3749	59 
3750	160 
3751	263 
3752	259 
3753	45 
3754	188 
3755	263 
3756	183 
3757	14 
3758	56 
3759	261 
3760	95 
3761	298 
3762	102 
3763	207 
3764	168 
3765	204 
3766	104 
3767	153 
3768	103 
3769	32 
3770	191 
3771	138 
3772	201 
3773	1 
3774	136 
3775	184 
3776	56 
3777	55 
3778	122 
3779	166 
3780	227 
3781	66 
3782	298 
3783	215 
3784	221 
3785	119 
3786	277 
3787	234 
3788	140 
3789	268 
3790	201 
3791	186 
3792	58 
3793	121 
3794	301 
3795	176 
3796	21 
3797	69 
3798	23 
3799	103 
3800	41 
3801	277 
3802	81 
3803	34 
3804	292 
3805	240 
3806	261 
3807	98 
3808	12 
3809	68 
3810	54 
3811	298 
3812	265 
3813	244 
3814	228 
3815	96 
3816	13 
3817	290 
3818	90 
3819	211 
3820	59 
3821	87 
3822	24 
3823	166 
3824	103 
3825	98 
3826	29 
3827	277 
3828	121 
3829	80 
3830	162 
3831	62 
3832	175 
3833	74 
3834	194 
3835	281 
3836	198 
3837	234 
3838	133 
3839	269 
3840	220 
3841	262 
3842	189 
3843	230 
3844	186 
3845	261 
3846	200 
3847	24 
3848	84 
3849	156 
3850	113 
3851	272 
3852	116 
3853	205 
3854	264 
3855	95 
3856	110 
3857	7 
3858	153 
3859	156 
3860	26 
3861	264 
3862	177 
3863	81 
3864	48 
3865	228 
3866	20 
3867	82 
3868	120 
3869	66 
3870	85 
3871	36 
3872	195 
3873	163 
3874	265 
3875	54 
3876	168 
3877	57 
3878	297 
3879	113 
3880	164 
3881	32 
3882	276 
3883	297 
3884	105 
3885	8 
3886	24 
3887	257 
3888	173 
3889	225 
3890	89 
3891	154 
3892	127 
3893	24 
3894	220 
3895	261 
3896	123 
3897	6 
3898	224 
3899	4 
3900	13 
3901	178 
3902	152 
3903	252 
3904	62 
3905	264 
3906	99 
3907	49 
3908	24 
3909	139 
3910	94 
3911	64 
3912	157 
3913	62 
3914	273 
3915	292 
3916	39 
3917	272 
3918	198 
3919	81 
3920	196 
3921	270 
3922	201 
3923	208 
3924	114 
3925	222 
3926	91 
3927	134 
3928	150 
3929	93 
3930	282 
3931	232 
3932	78 
3933	186 
3934	264 
3935	222 
3936	39 
3937	244 
3938	240 
3939	155 
3940	289 
3941	275 
3942	278 
3943	138 
3944	265 
3945	287 
3946	134 
3947	159 
3948	269 
3949	287 
3950	17 
3951	246 
3952	274 
3953	31 
3954	5 
3955	239 
3956	45 
3957	233 
3958	292 
3959	4 
3960	44 
3961	263 
3962	272 
3963	212 
3964	35 
3965	86 
3966	84 
3967	203 
3968	80 
3969	6 
3970	181 
3971	179 
3972	177 
3973	4 
3974	105 
3975	82 
3976	244 
3977	249 
3978	200 
3979	206 
3980	129 
3981	53 
3982	6 
3983	195 
3984	270 
3985	214 
3986	258 
3987	184 
3988	278 
3989	123 
3990	211 
3991	202 
3992	233 
3993	247 
3994	254 
3995	218 
3996	212 
3997	192 
3998	159 
3999	170 
4000	109 
4001	267 
4002	102 
4003	131 
4004	175 
4005	102 
4006	62 
4007	199 
4008	87 
4009	224 
4010	224 
4011	158 
4012	71 
4013	262 
4014	168 
4015	223 
4016	101 
4017	154 
4018	38 
4019	204 
4020	92 
4021	14 
4022	128 
4023	51 
4024	268 
4025	102 
4026	136 
4027	207 
4028	193 
4029	116 
4030	119 
4031	87 
4032	53 
4033	251 
4034	208 
4035	80 
4036	141 
4037	9 
4038	193 
4039	143 
4040	246 
4041	177 
4042	146 
4043	274 
4044	66 
4045	301 
4046	69 
4047	73 
4048	250 
4049	95 
4050	247 
4051	234 
4052	16 
4053	144 
4054	115 
4055	283 
4056	196 
4057	80 
4058	108 
4059	78 
4060	123 
4061	281 
4062	299 
4063	178 
4064	175 
4065	245 
4066	198 
4067	7 
4068	80 
4069	229 
4070	199 
4071	44 
4072	47 
4073	272 
4074	169 
4075	37 
4076	61 
4077	105 
4078	11 
4079	58 
4080	220 
4081	242 
4082	34 
4083	24 
4084	268 
4085	223 
4086	206 
4087	212 
4088	231 
4089	254 
4090	13 
4091	242 
4092	236 
4093	23 
4094	223 
4095	259 
4096	192 
4097	13 
4098	63 
4099	282 
4100	276 
4101	97 
4102	38 
4103	212 
4104	69 
4105	85 
4106	81 
4107	283 
4108	120 
4109	110 
4110	172 
4111	207 
4112	267 
4113	145 
4114	232 
4115	299 
4116	157 
4117	76 
4118	1 
4119	104 
4120	81 
4121	139 
4122	175 
4123	234 
4124	84 
4125	158 
4126	207 
4127	271 
4128	38 
4129	227 
4130	213 
4131	128 
4132	154 
4133	233 
4134	7 
4135	236 
4136	20 
4137	114 
4138	113 
4139	155 
4140	85 
4141	108 
4142	6 
4143	278 
4144	121 
4145	81 
4146	152 
4147	148 
4148	226 
4149	214 
4150	240 
4151	205 
4152	228 
4153	146 
4154	25 
4155	246 
4156	184 
4157	193 
4158	72 
4159	265 
4160	129 
4161	25 
4162	48 
4163	231 
4164	239 
4165	186 
4166	176 
4167	185 
4168	69 
4169	138 
4170	140 
4171	11 
4172	99 
4173	214 
4174	266 
4175	69 
4176	260 
4177	113 
4178	211 
4179	67 
4180	117 
4181	240 
4182	300 
4183	102 
4184	6 
4185	281 
4186	102 
4187	244 
4188	296 
4189	189 
4190	19 
4191	4 
4192	288 
4193	160 
4194	269 
4195	199 
4196	64 
4197	109 
4198	202 
4199	19 
4200	67 
4201	202 
4202	275 
4203	81 
4204	267 
4205	291 
4206	53 
4207	39 
4208	190 
4209	80 
4210	234 
4211	20 
4212	134 
4213	9 
4214	110 
4215	277 
4216	68 
4217	157 
4218	172 
4219	273 
4220	18 
4221	218 
4222	10 
4223	68 
4224	197 
4225	163 
4226	267 
4227	74 
4228	223 
4229	138 
4230	287 
4231	32 
4232	225 
4233	110 
4234	199 
4235	252 
4236	56 
4237	27 
4238	275 
4239	243 
4240	75 
4241	37 
4242	128 
4243	156 
4244	75 
4245	220 
4246	134 
4247	193 
4248	195 
4249	25 
4250	104 
4251	45 
4252	74 
4253	279 
4254	228 
4255	252 
4256	288 
4257	294 
4258	32 
4259	196 
4260	136 
4261	52 
4262	280 
4263	71 
4264	196 
4265	196 
4266	240 
4267	56 
4268	268 
4269	189 
4270	193 
4271	287 
4272	297 
4273	202 
4274	136 
4275	275 
4276	265 
4277	242 
4278	37 
4279	296 
4280	141 
4281	104 
4282	84 
4283	95 
4284	281 
4285	19 
4286	252 
4287	165 
4288	218 
4289	58 
4290	115 
4291	29 
4292	239 
4293	227 
4294	285 
4295	209 
4296	260 
4297	272 
4298	69 
4299	268 
4300	115 
4301	236 
4302	2 
4303	4 
4304	255 
4305	181 
4306	254 
4307	201 
4308	120 
4309	153 
4310	185 
4311	130 
4312	250 
4313	24 
4314	167 
4315	129 
4316	203 
4317	185 
4318	199 
4319	113 
4320	200 
4321	71 
4322	195 
4323	160 
4324	87 
4325	99 
4326	65 
4327	127 
4328	134 
4329	90 
4330	99 
4331	20 
4332	284 
4333	49 
4334	102 
4335	232 
4336	16 
4337	235 
4338	98 
4339	48 
4340	136 
4341	268 
4342	298 
4343	287 
4344	103 
4345	130 
4346	301 
4347	144 
4348	227 
4349	238 
4350	184 
4351	40 
4352	50 
4353	231 
4354	166 
4355	280 
4356	121 
4357	160 
4358	179 
4359	290 
4360	20 
4361	17 
4362	150 
4363	282 
4364	71 
4365	18 
4366	57 
4367	95 
4368	48 
4369	102 
4370	182 
4371	171 
4372	69 
4373	219 
4374	159 
4375	133 
4376	162 
4377	300 
4378	89 
4379	193 
4380	286 
4381	132 
4382	87 
4383	65 
4384	43 
4385	112 
4386	195 
4387	144 
4388	20 
4389	133 
4390	295 
4391	257 
4392	276 
4393	192 
4394	206 
4395	274 
4396	227 
4397	79 
4398	65 
4399	108 
4400	150 
4401	17 
4402	85 
4403	3 
4404	73 
4405	276 
4406	226 
4407	262 
4408	260 
4409	155 
4410	104 
4411	161 
4412	19 
4413	49 
4414	31 
4415	8 
4416	113 
4417	79 
4418	225 
4419	248 
4420	65 
4421	119 
4422	297 
4423	163 
4424	86 
4425	100 
4426	54 
4427	222 
4428	18 
4429	255 
4430	124 
4431	105 
4432	268 
4433	70 
4434	85 
4435	159 
4436	202 
4437	59 
4438	208 
4439	301 
4440	41 
4441	219 
4442	217 
4443	69 
4444	28 
4445	71 
4446	171 
4447	67 
4448	295 
4449	278 
4450	8 
4451	115 
4452	138 
4453	90 
4454	134 
4455	32 
4456	91 
4457	153 
4458	229 
4459	1 
4460	272 
4461	22 
4462	201 
4463	269 
4464	258 
4465	105 
4466	106 
4467	60 
4468	136 
4469	113 
4470	145 
4471	20 
4472	264 
4473	247 
4474	118 
4475	265 
4476	38 
4477	209 
4478	245 
4479	114 
4480	27 
4481	264 
4482	278 
4483	229 
4484	126 
4485	119 
4486	163 
4487	276 
4488	60 
4489	50 
4490	93 
4491	287 
4492	151 
4493	43 
4494	59 
4495	88 
4496	196 
4497	32 
4498	151 
4499	51 
4500	126 
4501	215 
4502	225 
4503	200 
4504	120 
4505	9 
4506	63 
4507	81 
4508	145 
4509	125 
4510	251 
4511	93 
4512	241 
4513	284 
4514	191 
4515	87 
4516	115 
4517	95 
4518	182 
4519	288 
4520	20 
4521	188 
4522	251 
4523	103 
4524	272 
4525	66 
4526	108 
4527	79 
4528	244 
4529	295 
4530	193 
4531	301 
4532	5 
4533	191 
4534	131 
4535	281 
4536	59 
4537	179 
4538	35 
4539	301 
4540	69 
4541	224 
4542	300 
4543	298 
4544	282 
4545	60 
4546	125 
4547	244 
4548	267 
4549	197 
4550	123 
4551	4 
4552	116 
4553	220 
4554	196 
4555	12 
4556	194 
4557	98 
4558	176 
4559	149 
4560	17 
4561	164 
4562	130 
4563	194 
4564	121 
4565	212 
4566	220 
4567	137 
4568	199 
4569	167 
4570	211 
4571	63 
4572	151 
4573	290 
4574	159 
4575	161 
4576	231 
4577	223 
4578	173 
4579	59 
4580	193 
4581	185 
4582	91 
4583	102 
4584	92 
4585	135 
4586	100 
4587	12 
4588	264 
4589	37 
4590	180 
4591	126 
4592	9 
4593	272 
4594	45 
4595	88 
4596	56 
4597	117 
4598	289 
4599	45 
4600	282 
4601	255 
4602	185 
4603	140 
4604	45 
4605	191 
4606	225 
4607	183 
4608	61 
4609	20 
4610	288 
4611	77 
4612	93 
4613	69 
4614	80 
4615	38 
4616	125 
4617	293 
4618	246 
4619	219 
4620	134 
4621	124 
4622	230 
4623	176 
4624	158 
4625	264 
4626	152 
4627	252 
4628	248 
4629	39 
4630	131 
4631	162 
4632	269 
4633	46 
4634	44 
4635	278 
4636	20 
4637	124 
4638	101 
4639	137 
4640	101 
4641	201 
4642	88 
4643	222 
4644	196 
4645	256 
4646	253 
4647	251 
4648	221 
4649	52 
4650	71 
4651	230 
4652	149 
4653	34 
4654	153 
4655	132 
4656	197 
4657	244 
4658	105 
4659	110 
4660	269 
4661	41 
4662	131 
4663	144 
4664	51 
4665	54 
4666	109 
4667	115 
4668	12 
4669	172 
4670	96 
4671	258 
4672	233 
4673	11 
4674	240 
4675	259 
4676	147 
4677	62 
4678	76 
4679	121 
4680	144 
4681	5 
4682	35 
4683	186 
4684	202 
4685	124 
4686	39 
4687	237 
4688	3 
4689	9 
4690	72 
4691	255 
4692	278 
4693	127 
4694	123 
4695	270 
4696	255 
4697	274 
4698	30 
4699	120 
4700	188 
4701	69 
4702	222 
4703	80 
4704	45 
4705	76 
4706	196 
4707	277 
4708	282 
4709	288 
4710	72 
4711	114 
4712	181 
4713	4 
4714	74 
4715	240 
4716	141 
4717	212 
4718	194 
4719	76 
4720	150 
4721	72 
4722	100 
4723	19 
4724	49 
4725	289 
4726	67 
4727	220 
4728	61 
4729	197 
4730	165 
4731	43 
4732	103 
4733	114 
4734	251 
4735	150 
4736	55 
4737	288 
4738	244 
4739	210 
4740	224 
4741	204 
4742	267 
4743	28 
4744	184 
4745	207 
4746	54 
4747	21 
4748	191 
4749	233 
4750	276 
4751	263 
4752	251 
4753	23 
4754	133 
4755	123 
4756	99 
4757	233 
4758	125 
4759	258 
4760	147 
4761	233 
4762	61 
4763	17 
4764	187 
4765	153 
4766	290 
4767	264 
4768	121 
4769	24 
4770	187 
4771	121 
4772	165 
4773	74 
4774	245 
4775	71 
4776	91 
4777	239 
4778	126 
4779	34 
4780	106 
4781	99 
4782	10 
4783	145 
4784	10 
4785	236 
4786	100 
4787	295 
4788	80 
4789	168 
4790	242 
4791	271 
4792	18 
4793	27 
4794	71 
4795	256 
4796	11 
4797	69 
4798	252 
4799	43 
4800	287 
4801	204 
4802	238 
4803	80 
4804	200 
4805	210 
4806	290 
4807	239 
4808	219 
4809	134 
4810	35 
4811	3 
4812	131 
4813	222 
4814	100 
4815	235 
4816	5 
4817	20 
4818	62 
4819	71 
4820	125 
4821	97 
4822	57 
4823	82 
4824	242 
4825	56 
4826	101 
4827	240 
4828	294 
4829	158 
4830	285 
4831	20 
4832	112 
4833	256 
4834	138 
4835	34 
4836	289 
4837	287 
4838	51 
4839	89 
4840	45 
4841	283 
4842	117 
4843	178 
4844	301 
4845	54 
4846	198 
4847	211 
4848	220 
4849	143 
4850	24 
4851	213 
4852	126 
4853	26 
4854	131 
4855	232 
4856	68 
4857	160 
4858	290 
4859	194 
4860	6 
4861	115 
4862	202 
4863	191 
4864	282 
4865	121 
4866	164 
4867	260 
4868	193 
4869	201 
4870	88 
4871	171 
4872	80 
4873	43 
4874	180 
4875	41 
4876	295 
4877	278 
4878	110 
4879	212 
4880	233 
4881	85 
4882	138 
4883	192 
4884	174 
4885	243 
4886	97 
4887	80 
4888	101 
4889	139 
4890	245 
4891	7 
4892	206 
4893	78 
4894	220 
4895	166 
4896	204 
4897	125 
4898	2 
4899	257 
4900	268 
4901	78 
4902	179 
4903	209 
4904	27 
4905	261 
4906	29 
4907	289 
4908	107 
4909	189 
4910	88 
4911	261 
4912	272 
4913	125 
4914	206 
4915	207 
4916	104 
4917	14 
4918	268 
4919	225 
4920	274 
4921	27 
4922	220 
4923	17 
4924	236 
4925	196 
4926	33 
4927	273 
4928	57 
4929	59 
4930	230 
4931	78 
4932	159 
4933	16 
4934	46 
4935	139 
4936	189 
4937	154 
4938	2 
4939	17 
4940	289 
4941	94 
4942	61 
4943	85 
4944	66 
4945	128 
4946	5 
4947	66 
4948	125 
4949	185 
4950	108 
4951	80 
4952	90 
4953	108 
4954	5 
4955	129 
4956	225 
4957	261 
4958	286 
4959	298 
4960	245 
4961	202 
4962	89 
4963	137 
4964	95 
4965	249 
4966	135 
4967	106 
4968	176 
4969	89 
4970	219 
4971	282 
4972	102 
4973	170 
4974	73 
4975	220 
4976	287 
4977	159 
4978	255 
4979	230 
4980	49 
4981	263 
4982	221 
4983	182 
4984	4 
4985	45 
4986	221 
4987	212 
4988	3 
4989	81 
4990	162 
4991	165 
4992	21 
4993	44 
4994	287 
4995	34 
4996	52 
4997	136 
4998	227 
4999	40 
5000	109 
5001	270 
5002	17 
5003	76 
5004	153 
5005	138 
5006	97 
5007	171 
5008	72 
5009	219 
5010	262 
5011	81 
5012	57 
5013	145 
5014	51 
5015	270 
5016	38 
5017	80 
5018	241 
5019	231 
5020	105 
5021	296 
5022	144 
5023	171 
5024	54 
5025	21 
5026	160 
5027	164 
5028	57 
5029	83 
5030	134 
5031	287 
5032	70 
5033	164 
5034	154 
5035	116 
5036	96 
5037	40 
5038	99 
5039	34 
5040	76 
5041	160 
5042	259 
5043	4 
5044	64 
5045	158 
5046	131 
5047	238 
5048	77 
5049	65 
5050	223 
5051	67 
5052	93 
5053	63 
5054	65 
5055	130 
5056	274 
5057	48 
5058	131 
5059	154 
5060	295 
5061	131 
5062	220 
5063	59 
5064	49 
5065	225 
5066	47 
5067	199 
5068	11 
5069	295 
5070	169 
5071	90 
5072	15 
5073	72 
5074	266 
5075	9 
5076	151 
5077	22 
5078	119 
5079	132 
5080	149 
5081	177 
5082	265 
5083	108 
5084	225 
5085	79 
5086	78 
5087	134 
5088	159 
5089	3 
5090	166 
5091	268 
5092	270 
5093	98 
5094	227 
5095	175 
5096	43 
5097	212 
5098	204 
5099	69 
5100	123 
5101	103 
5102	69 
5103	260 
5104	234 
5105	301 
5106	74 
5107	168 
5108	4 
5109	57 
5110	270 
5111	99 
5112	281 
5113	58 
5114	173 
5115	70 
5116	179 
5117	99 
5118	26 
5119	300 
5120	203 
5121	85 
5122	301 
5123	149 
5124	243 
5125	272 
5126	132 
5127	62 
5128	21 
5129	83 
5130	13 
5131	234 
5132	78 
5133	129 
5134	16 
5135	46 
5136	8 
5137	99 
5138	213 
5139	231 
5140	210 
5141	20 
5142	245 
5143	3 
5144	69 
5145	170 
5146	225 
5147	90 
5148	257 
5149	4 
5150	5 
5151	24 
5152	28 
5153	250 
5154	183 
5155	271 
5156	220 
5157	47 
5158	68 
5159	9 
5160	76 
5161	280 
5162	220 
5163	19 
5164	128 
5165	20 
5166	61 
5167	194 
5168	106 
5169	270 
5170	120 
5171	270 
5172	131 
5173	196 
5174	10 
5175	35 
5176	92 
5177	236 
5178	211 
5179	293 
5180	175 
5181	222 
5182	198 
5183	234 
5184	62 
5185	143 
5186	186 
5187	176 
5188	78 
5189	224 
5190	277 
5191	158 
5192	84 
5193	68 
5194	124 
5195	116 
5196	88 
5197	239 
5198	278 
5199	6 
5200	245 
5201	70 
5202	49 
5203	190 
5204	273 
5205	154 
5206	197 
5207	6 
5208	153 
5209	121 
5210	211 
5211	136 
5212	101 
5213	242 
5214	169 
5215	93 
5216	37 
5217	132 
5218	93 
5219	50 
5220	69 
5221	199 
5222	260 
5223	142 
5224	189 
5225	130 
5226	247 
5227	94 
5228	290 
5229	26 
5230	195 
5231	40 
5232	6 
5233	9 
5234	233 
5235	183 
5236	161 
5237	82 
5238	102 
5239	196 
5240	301 
5241	105 
5242	129 
5243	170 
5244	13 
5245	220 
5246	201 
5247	91 
5248	245 
5249	237 
5250	287 
5251	246 
5252	182 
5253	246 
5254	168 
5255	80 
5256	49 
5257	184 
5258	31 
5259	29 
5260	107 
5261	153 
5262	45 
5263	156 
5264	137 
5265	293 
5266	291 
5267	144 
5268	188 
5269	301 
5270	260 
5271	225 
5272	200 
5273	76 
5274	159 
5275	276 
5276	236 
5277	236 
5278	205 
5279	94 
5280	80 
5281	98 
5282	273 
5283	51 
5284	263 
5285	257 
5286	142 
5287	156 
5288	89 
5289	187 
5290	60 
5291	202 
5292	138 
5293	235 
5294	128 
5295	25 
5296	131 
5297	236 
5298	161 
5299	37 
5300	59 
5301	94 
5302	105 
5303	213 
5304	79 
5305	105 
5306	300 
5307	74 
5308	128 
5309	182 
5310	193 
5311	12 
5312	250 
5313	124 
5314	47 
5315	67 
5316	66 
5317	90 
5318	76 
5319	106 
5320	289 
5321	158 
5322	252 
5323	18 
5324	133 
5325	279 
5326	95 
5327	214 
5328	275 
5329	150 
5330	145 
5331	56 
5332	156 
5333	218 
5334	170 
5335	190 
5336	163 
5337	129 
5338	59 
5339	236 
5340	282 
5341	255 
5342	279 
5343	118 
5344	5 
5345	100 
5346	277 
5347	263 
5348	160 
5349	287 
5350	277 
5351	276 
5352	37 
5353	252 
5354	222 
5355	67 
5356	141 
5357	124 
5358	81 
5359	45 
5360	265 
5361	33 
5362	238 
5363	76 
5364	189 
5365	232 
5366	75 
5367	168 
5368	261 
5369	146 
5370	94 
5371	135 
5372	242 
5373	185 
5374	260 
5375	168 
5376	172 
5377	281 
5378	173 
5379	89 
5380	87 
5381	240 
5382	166 
5383	143 
5384	82 
5385	158 
5386	192 
5387	287 
5388	186 
5389	82 
5390	14 
5391	37 
5392	184 
5393	192 
5394	93 
5395	176 
5396	80 
5397	275 
5398	196 
5399	42 
5400	113 
5401	226 
5402	109 
5403	35 
5404	100 
5405	272 
5406	232 
5407	136 
5408	293 
5409	21 
5410	41 
5411	162 
5412	223 
5413	68 
5414	251 
5415	300 
5416	213 
5417	182 
5418	167 
5419	133 
5420	222 
5421	243 
5422	155 
5423	129 
5424	5 
5425	115 
5426	187 
5427	237 
5428	226 
5429	71 
5430	291 
5431	254 
5432	148 
5433	2 
5434	139 
5435	195 
5436	174 
5437	54 
5438	112 
5439	94 
5440	166 
5441	166 
5442	111 
5443	273 
5444	101 
5445	106 
5446	253 
5447	43 
5448	73 
5449	167 
5450	295 
5451	94 
5452	204 
5453	235 
5454	215 
5455	173 
5456	222 
5457	155 
5458	108 
5459	106 
5460	301 
5461	209 
5462	253 
5463	145 
5464	227 
5465	151 
5466	184 
5467	180 
5468	262 
5469	276 
5470	296 
5471	173 
5472	184 
5473	201 
5474	124 
5475	9 
5476	152 
5477	198 
5478	235 
5479	227 
5480	278 
5481	168 
5482	301 
5483	76 
5484	143 
5485	85 
5486	150 
5487	37 
5488	110 
5489	31 
5490	110 
5491	73 
5492	176 
5493	173 
5494	1 
5495	124 
5496	71 
5497	118 
5498	268 
5499	286 
5500	31 
5501	263 
5502	51 
5503	71 
5504	77 
5505	45 
5506	6 
5507	27 
5508	124 
5509	69 
5510	120 
5511	261 
5512	24 
5513	240 
5514	201 
5515	163 
5516	18 
5517	96 
5518	144 
5519	53 
5520	80 
5521	164 
5522	189 
5523	213 
5524	193 
5525	177 
5526	224 
5527	191 
5528	17 
5529	282 
5530	63 
5531	54 
5532	239 
5533	269 
5534	277 
5535	103 
5536	156 
5537	233 
5538	256 
5539	122 
5540	4 
5541	2 
5542	8 
5543	119 
5544	90 
5545	79 
5546	100 
5547	49 
5548	150 
5549	173 
5550	35 
5551	112 
5552	281 
5553	248 
5554	32 
5555	138 
5556	26 
5557	89 
5558	17 
5559	290 
5560	268 
5561	25 
5562	3 
5563	122 
5564	121 
5565	188 
5566	301 
5567	105 
5568	156 
5569	158 
5570	206 
5571	259 
5572	131 
5573	47 
5574	256 
5575	179 
5576	280 
5577	179 
5578	140 
5579	167 
5580	260 
5581	71 
5582	182 
5583	188 
5584	133 
5585	92 
5586	231 
5587	153 
5588	227 
5589	160 
5590	97 
5591	180 
5592	79 
5593	5 
5594	258 
5595	112 
5596	285 
5597	264 
5598	220 
5599	233 
5600	133 
5601	225 
5602	180 
5603	136 
5604	130 
5605	133 
5606	262 
5607	270 
5608	17 
5609	79 
5610	239 
5611	97 
5612	127 
5613	121 
5614	228 
5615	239 
5616	102 
5617	36 
5618	190 
5619	211 
5620	109 
5621	92 
5622	6 
5623	68 
5624	102 
5625	170 
5626	95 
5627	256 
5628	58 
5629	59 
5630	257 
5631	193 
5632	66 
5633	217 
5634	234 
5635	64 
5636	80 
5637	264 
5638	27 
5639	168 
5640	296 
5641	4 
5642	42 
5643	255 
5644	10 
5645	108 
5646	32 
5647	104 
5648	81 
5649	12 
5650	184 
5651	37 
5652	21 
5653	82 
5654	41 
5655	257 
5656	28 
5657	126 
5658	241 
5659	162 
5660	51 
5661	57 
5662	138 
5663	218 
5664	153 
5665	12 
5666	79 
5667	92 
5668	5 
5669	65 
5670	290 
5671	289 
5672	192 
5673	301 
5674	179 
5675	262 
5676	259 
5677	104 
5678	30 
5679	123 
5680	175 
5681	181 
5682	47 
5683	234 
5684	131 
5685	104 
5686	45 
5687	86 
5688	259 
5689	134 
5690	227 
5691	282 
5692	251 
5693	93 
5694	61 
5695	178 
5696	7 
5697	246 
5698	247 
5699	68 
5700	195 
5701	231 
5702	116 
5703	132 
5704	277 
5705	154 
5706	125 
5707	121 
5708	73 
5709	103 
5710	255 
5711	204 
5712	274 
5713	291 
5714	106 
5715	77 
5716	20 
5717	278 
5718	171 
5719	72 
5720	150 
5721	235 
5722	284 
5723	64 
5724	29 
5725	126 
5726	34 
5727	6 
5728	161 
5729	210 
5730	214 
5731	281 
5732	53 
5733	229 
5734	150 
5735	87 
5736	300 
5737	85 
5738	301 
5739	2 
5740	167 
5741	200 
5742	245 
5743	272 
5744	68 
5745	231 
5746	26 
5747	289 
5748	18 
5749	203 
5750	227 
5751	28 
5752	244 
5753	226 
5754	282 
5755	35 
5756	294 
5757	112 
5758	48 
5759	67 
5760	63 
5761	126 
5762	256 
5763	86 
5764	294 
5765	229 
5766	81 
5767	256 
5768	96 
5769	90 
5770	260 
5771	114 
5772	134 
5773	102 
5774	102 
5775	23 
5776	171 
5777	203 
5778	162 
5779	49 
5780	175 
5781	48 
5782	296 
5783	81 
5784	92 
5785	11 
5786	28 
5787	42 
5788	230 
5789	100 
5790	284 
5791	231 
5792	126 
5793	187 
5794	242 
5795	292 
5796	93 
5797	26 
5798	298 
5799	262 
5800	252 
5801	190 
5802	220 
5803	248 
5804	121 
5805	131 
5806	113 
5807	196 
5808	89 
5809	185 
5810	99 
5811	134 
5812	216 
5813	93 
5814	117 
5815	57 
5816	143 
5817	139 
5818	247 
5819	55 
5820	96 
5821	29 
5822	293 
5823	301 
5824	7 
5825	121 
5826	264 
5827	49 
5828	138 
5829	236 
5830	133 
5831	239 
5832	90 
5833	300 
5834	127 
5835	160 
5836	270 
5837	292 
5838	62 
5839	268 
5840	16 
5841	282 
5842	77 
5843	261 
5844	161 
5845	103 
5846	238 
5847	86 
5848	91 
5849	51 
5850	205 
5851	227 
5852	25 
5853	90 
5854	157 
5855	296 
5856	278 
5857	88 
5858	158 
5859	43 
5860	53 
5861	31 
5862	155 
5863	167 
5864	26 
5865	282 
5866	181 
5867	273 
5868	141 
5869	213 
5870	85 
5871	220 
5872	226 
5873	157 
5874	261 
5875	296 
5876	32 
5877	61 
5878	230 
5879	49 
5880	52 
5881	151 
5882	233 
5883	3 
5884	36 
5885	87 
5886	299 
5887	9 
5888	85 
5889	133 
5890	98 
5891	211 
5892	167 
5893	78 
5894	266 
5895	263 
5896	100 
5897	74 
5898	10 
5899	274 
5900	81 
5901	204 
5902	15 
5903	193 
5904	151 
5905	69 
5906	120 
5907	289 
5908	240 
5909	271 
5910	194 
5911	219 
5912	59 
5913	5 
5914	256 
5915	196 
5916	230 
5917	80 
5918	177 
5919	15 
5920	47 
5921	198 
5922	216 
5923	46 
5924	204 
5925	168 
5926	244 
5927	145 
5928	201 
5929	54 
5930	76 
5931	93 
5932	185 
5933	120 
5934	179 
5935	225 
5936	33 
5937	200 
5938	17 
5939	81 
5940	7 
5941	287 
5942	187 
5943	297 
5944	142 
5945	14 
5946	236 
5947	232 
5948	58 
5949	14 
5950	69 
5951	218 
5952	199 
5953	52 
5954	36 
5955	30 
5956	162 
5957	85 
5958	128 
5959	128 
5960	25 
5961	176 
5962	87 
5963	69 
5964	80 
5965	4 
5966	240 
5967	301 
5968	252 
5969	22 
5970	201 
5971	81 
5972	201 
5973	43 
5974	285 
5975	87 
5976	173 
5977	140 
5978	174 
5979	212 
5980	277 
5981	119 
5982	43 
5983	262 
5984	235 
5985	41 
5986	287 
5987	102 
5988	211 
5989	11 
5990	249 
5991	295 
5992	276 
5993	138 
5994	274 
5995	19 
5996	126 
5997	188 
5998	235 
5999	270 
6000	92 
6001	5 
6002	167 
6003	287 
6004	260 
6005	179 
6006	239 
6007	134 
6008	45 
6009	218 
6010	288 
6011	201 
6012	159 
6013	121 
6014	271 
6015	195 
6016	12 
6017	150 
6018	190 
6019	260 
6020	298 
6021	144 
6022	72 
6023	133 
6024	73 
6025	268 
6026	284 
6027	260 
6028	106 
6029	144 
6030	121 
6031	268 
6032	237 
6033	283 
6034	281 
6035	294 
6036	74 
6037	68 
6038	113 
6039	279 
6040	191 
6041	34 
6042	26 
6043	153 
6044	242 
6045	170 
6046	87 
6047	298 
6048	212 
6049	136 
6050	159 
6051	111 
6052	66 
6053	46 
6054	291 
6055	196 
6056	167 
6057	208 
6058	61 
6059	172 
6060	218 
6061	239 
6062	274 
6063	57 
6064	25 
6065	105 
6066	83 
6067	224 
6068	72 
6069	244 
6070	257 
6071	225 
6072	3 
6073	56 
6074	162 
6075	69 
6076	122 
6077	74 
6078	233 
6079	235 
6080	61 
6081	261 
6082	12 
6083	93 
6084	174 
6085	71 
6086	85 
6087	108 
6088	81 
6089	7 
6090	6 
6091	89 
6092	291 
6093	61 
6094	54 
6095	144 
6096	44 
6097	158 
6098	128 
6099	283 
6100	85 
6101	262 
6102	212 
6103	239 
6104	33 
6105	14 
6106	60 
6107	7 
6108	76 
6109	74 
6110	202 
6111	87 
6112	283 
6113	147 
6114	152 
6115	248 
6116	134 
6117	212 
6118	257 
6119	167 
6120	6 
6121	242 
6122	254 
6123	298 
6124	123 
6125	166 
6126	118 
6127	187 
6128	20 
6129	20 
6130	253 
6131	36 
6132	141 
6133	210 
6134	173 
6135	164 
6136	267 
6137	114 
6138	111 
6139	40 
6140	81 
6141	159 
6142	255 
6143	28 
6144	257 
6145	231 
6146	119 
6147	71 
6148	68 
6149	124 
6150	8 
6151	140 
6152	277 
6153	110 
6154	74 
6155	159 
6156	26 
6157	146 
6158	49 
6159	284 
6160	160 
6161	123 
6162	300 
6163	42 
6164	264 
6165	75 
6166	161 
6167	224 
6168	231 
6169	42 
6170	247 
6171	108 
6172	43 
6173	63 
6174	68 
6175	281 
6176	301 
6177	103 
6178	132 
6179	4 
6180	80 
6181	99 
6182	112 
6183	161 
6184	2 
6185	9 
6186	49 
6187	222 
6188	5 
6189	177 
6190	281 
6191	66 
6192	264 
6193	49 
6194	219 
6195	61 
6196	34 
6197	189 
6198	110 
6199	144 
6200	99 
6201	185 
6202	105 
6203	21 
6204	297 
6205	87 
6206	33 
6207	134 
6208	276 
6209	282 
6210	189 
6211	126 
6212	51 
6213	179 
6214	162 
6215	86 
6216	290 
6217	264 
6218	39 
6219	175 
6220	36 
6221	187 
6222	254 
6223	172 
6224	4 
6225	295 
6226	189 
6227	270 
6228	240 
6229	281 
6230	301 
6231	75 
6232	32 
6233	152 
6234	251 
6235	45 
6236	120 
6237	105 
6238	32 
6239	262 
6240	260 
6241	52 
6242	204 
6243	273 
6244	159 
6245	97 
6246	190 
6247	141 
6248	160 
6249	15 
6250	54 
6251	77 
6252	283 
6253	191 
6254	189 
6255	291 
6256	259 
6257	237 
6258	154 
6259	98 
6260	18 
6261	139 
6262	33 
6263	182 
6264	76 
6265	7 
6266	93 
6267	114 
6268	65 
6269	46 
6270	12 
6271	139 
6272	217 
6273	98 
6274	66 
6275	44 
6276	201 
6277	224 
6278	274 
6279	136 
6280	205 
6281	232 
6282	295 
6283	277 
6284	68 
6285	88 
6286	249 
6287	256 
6288	4 
6289	272 
6290	71 
6291	110 
6292	90 
6293	86 
6294	30 
6295	137 
6296	222 
6297	297 
6298	181 
6299	10 
6300	80 
6301	57 
6302	256 
6303	19 
6304	253 
6305	287 
6306	276 
6307	64 
6308	177 
6309	187 
6310	174 
6311	110 
6312	172 
6313	294 
6314	14 
6315	224 
6316	116 
6317	289 
6318	132 
6319	281 
6320	171 
6321	270 
6322	112 
6323	301 
6324	47 
6325	153 
6326	27 
6327	221 
6328	204 
6329	213 
6330	197 
6331	79 
6332	179 
6333	142 
6334	256 
6335	157 
6336	257 
6337	278 
6338	179 
6339	165 
6340	14 
6341	173 
6342	267 
6343	65 
6344	290 
6345	126 
6346	70 
6347	36 
6348	256 
6349	32 
6350	49 
6351	226 
6352	96 
6353	155 
6354	277 
6355	299 
6356	62 
6357	262 
6358	223 
6359	79 
6360	80 
6361	224 
6362	11 
6363	186 
6364	178 
6365	86 
6366	162 
6367	178 
6368	283 
6369	229 
6370	193 
6371	172 
6372	247 
6373	251 
6374	155 
6375	108 
6376	8 
6377	71 
6378	117 
6379	259 
6380	168 
6381	123 
6382	287 
6383	212 
6384	163 
6385	269 
6386	240 
6387	129 
6388	183 
6389	224 
6390	50 
6391	247 
6392	93 
6393	128 
6394	90 
6395	232 
6396	42 
6397	166 
6398	201 
6399	32 
6400	124 
6401	158 
6402	12 
6403	167 
6404	113 
6405	120 
6406	197 
6407	201 
6408	113 
6409	194 
6410	104 
6411	268 
6412	261 
6413	193 
6414	124 
6415	189 
6416	18 
6417	238 
6418	99 
6419	190 
6420	32 
6421	217 
6422	187 
6423	43 
6424	107 
6425	125 
6426	147 
6427	13 
6428	254 
6429	52 
6430	20 
6431	85 
6432	62 
6433	174 
6434	114 
6435	295 
6436	258 
6437	292 
6438	108 
6439	95 
6440	290 
6441	35 
6442	49 
6443	72 
6444	151 
6445	80 
6446	159 
6447	87 
6448	272 
6449	20 
6450	265 
6451	37 
6452	223 
6453	90 
6454	10 
6455	199 
6456	193 
6457	298 
6458	144 
6459	269 
6460	172 
6461	44 
6462	64 
6463	35 
6464	144 
6465	177 
6466	79 
6467	6 
6468	224 
6469	140 
6470	285 
6471	26 
6472	287 
6473	156 
6474	105 
6475	91 
6476	153 
6477	119 
6478	240 
6479	175 
6480	171 
6481	43 
6482	90 
6483	301 
6484	208 
6485	68 
6486	152 
6487	201 
6488	62 
6489	232 
6490	7 
6491	162 
6492	52 
6493	69 
6494	121 
6495	122 
6496	128 
6497	292 
6498	48 
6499	279 
6500	14 
6501	216 
6502	106 
6503	55 
6504	147 
6505	43 
6506	74 
6507	155 
6508	65 
6509	61 
6510	177 
6511	172 
6512	294 
6513	127 
6514	209 
6515	107 
6516	50 
6517	180 
6518	1 
6519	212 
6520	231 
6521	172 
6522	160 
6523	123 
6524	34 
6525	3 
6526	294 
6527	297 
6528	196 
6529	275 
6530	73 
6531	48 
6532	45 
6533	276 
6534	151 
6535	5 
6536	46 
6537	66 
6538	228 
6539	279 
6540	65 
6541	172 
6542	148 
6543	252 
6544	187 
6545	160 
6546	271 
6547	234 
6548	268 
6549	67 
6550	24 
6551	66 
6552	289 
6553	9 
6554	67 
6555	174 
6556	267 
6557	180 
6558	148 
6559	153 
6560	276 
6561	152 
6562	81 
6563	268 
6564	175 
6565	273 
6566	32 
6567	131 
6568	252 
6569	17 
6570	89 
6571	116 
6572	162 
6573	122 
6574	222 
6575	51 
6576	41 
6577	25 
6578	98 
6579	161 
6580	184 
6581	198 
6582	233 
6583	65 
6584	225 
6585	283 
6586	251 
6587	84 
6588	14 
6589	188 
6590	255 
6591	62 
6592	191 
6593	129 
6594	200 
6595	33 
6596	213 
6597	199 
6598	24 
6599	184 
6600	42 
6601	190 
6602	177 
6603	199 
6604	150 
6605	221 
6606	168 
6607	253 
6608	108 
6609	183 
6610	259 
6611	231 
6612	184 
6613	7 
6614	300 
6615	192 
6616	62 
6617	247 
6618	40 
6619	287 
6620	62 
6621	192 
6622	110 
6623	37 
6624	72 
6625	221 
6626	144 
6627	77 
6628	226 
6629	153 
6630	240 
6631	103 
6632	11 
6633	126 
6634	159 
6635	160 
6636	20 
6637	255 
6638	212 
6639	89 
6640	256 
6641	31 
6642	159 
6643	17 
6644	82 
6645	55 
6646	58 
6647	209 
6648	82 
6649	27 
6650	288 
6651	243 
6652	13 
6653	77 
6654	30 
6655	181 
6656	45 
6657	106 
6658	122 
6659	182 
6660	53 
6661	124 
6662	30 
6663	90 
6664	129 
6665	97 
6666	270 
6667	269 
6668	268 
6669	6 
6670	290 
6671	197 
6672	52 
6673	261 
6674	250 
6675	173 
6676	184 
6677	69 
6678	28 
6679	287 
6680	92 
6681	194 
6682	121 
6683	151 
6684	32 
6685	260 
6686	11 
6687	51 
6688	45 
6689	151 
6690	301 
6691	225 
6692	7 
6693	184 
6694	258 
6695	125 
6696	269 
6697	247 
6698	27 
6699	284 
6700	241 
6701	99 
6702	181 
6703	235 
6704	185 
6705	231 
6706	240 
6707	188 
6708	272 
6709	50 
6710	298 
6711	76 
6712	37 
6713	268 
6714	235 
6715	280 
6716	4 
6717	4 
6718	197 
6719	73 
6720	20 
6721	276 
6722	25 
6723	190 
6724	83 
6725	45 
6726	168 
6727	128 
6728	290 
6729	4 
6730	257 
6731	62 
6732	194 
6733	52 
6734	249 
6735	205 
6736	284 
6737	195 
6738	61 
6739	292 
6740	135 
6741	4 
6742	235 
6743	237 
6744	202 
6745	97 
6746	204 
6747	100 
6748	70 
6749	262 
6750	245 
6751	190 
6752	175 
6753	152 
6754	46 
6755	282 
6756	109 
6757	150 
6758	138 
6759	90 
6760	282 
6761	129 
6762	143 
6763	158 
6764	81 
6765	93 
6766	158 
6767	247 
6768	159 
6769	91 
6770	104 
6771	132 
6772	226 
6773	195 
6774	268 
6775	259 
6776	66 
6777	268 
6778	81 
6779	245 
6780	201 
6781	262 
6782	22 
6783	249 
6784	46 
6785	286 
6786	4 
6787	103 
6788	241 
6789	33 
6790	100 
6791	218 
6792	268 
6793	32 
6794	299 
6795	240 
6796	236 
6797	273 
6798	34 
6799	269 
6800	293 
6801	72 
6802	62 
6803	300 
6804	135 
6805	295 
6806	85 
6807	21 
6808	184 
6809	120 
6810	281 
6811	127 
6812	158 
6813	175 
6814	143 
6815	11 
6816	76 
6817	254 
6818	231 
6819	220 
6820	5 
6821	169 
6822	201 
6823	45 
6824	266 
6825	238 
6826	81 
6827	164 
6828	106 
6829	25 
6830	174 
6831	184 
6832	59 
6833	113 
6834	276 
6835	58 
6836	286 
6837	172 
6838	72 
6839	72 
6840	202 
6841	107 
6842	163 
6843	67 
6844	255 
6845	119 
6846	71 
6847	238 
6848	219 
6849	261 
6850	23 
6851	148 
6852	20 
6853	124 
6854	184 
6855	153 
6856	95 
6857	159 
6858	168 
6859	205 
6860	25 
6861	123 
6862	138 
6863	16 
6864	168 
6865	29 
6866	230 
6867	145 
6868	177 
6869	37 
6870	234 
6871	105 
6872	55 
6873	118 
6874	282 
6875	127 
6876	233 
6877	42 
6878	38 
6879	239 
6880	89 
6881	184 
6882	177 
6883	228 
6884	32 
6885	54 
6886	89 
6887	104 
6888	112 
6889	27 
6890	43 
6891	50 
6892	24 
6893	277 
6894	37 
6895	60 
6896	159 
6897	213 
6898	94 
6899	76 
6900	35 
6901	215 
6902	110 
6903	296 
6904	103 
6905	98 
6906	182 
6907	127 
6908	106 
6909	5 
6910	68 
6911	270 
6912	128 
6913	58 
6914	67 
6915	85 
6916	210 
6917	271 
6918	259 
6919	99 
6920	160 
6921	223 
6922	296 
6923	218 
6924	284 
6925	301 
6926	86 
6927	73 
6928	64 
6929	114 
6930	69 
6931	174 
6932	81 
6933	102 
6934	139 
6935	239 
6936	176 
6937	45 
6938	187 
6939	19 
6940	225 
6941	119 
6942	108 
6943	220 
6944	49 
6945	76 
6946	228 
6947	276 
6948	4 
6949	9 
6950	70 
6951	138 
6952	1 
6953	67 
6954	34 
6955	113 
6956	242 
6957	195 
6958	241 
6959	127 
6960	49 
6961	46 
6962	111 
6963	285 
6964	217 
6965	50 
6966	223 
6967	209 
6968	157 
6969	177 
6970	56 
6971	22 
6972	220 
6973	57 
6974	27 
6975	252 
6976	211 
6977	175 
6978	222 
6979	54 
6980	283 
6981	207 
6982	252 
6983	42 
6984	273 
6985	252 
6986	134 
6987	169 
6988	36 
6989	252 
6990	35 
6991	73 
6992	69 
6993	122 
6994	176 
6995	85 
6996	258 
6997	110 
6998	120 
6999	196 
7000	103 
7001	204 
7002	208 
7003	28 
7004	77 
7005	197 
7006	155 
7007	173 
7008	88 
7009	43 
7010	87 
7011	136 
7012	283 
7013	43 
7014	43 
7015	103 
7016	95 
7017	283 
7018	65 
7019	189 
7020	235 
7021	274 
7022	32 
7023	206 
7024	277 
7025	262 
7026	36 
7027	17 
7028	261 
7029	77 
7030	268 
7031	154 
7032	225 
7033	84 
7034	185 
7035	8 
7036	123 
7037	134 
7038	232 
7039	59 
7040	172 
7041	33 
7042	111 
7043	160 
7044	54 
7045	124 
7046	149 
7047	163 
7048	207 
7049	57 
7050	236 
7051	259 
7052	121 
7053	296 
7054	102 
7055	87 
7056	72 
7057	284 
7058	155 
7059	190 
7060	164 
7061	99 
7062	127 
7063	67 
7064	50 
7065	231 
7066	118 
7067	201 
7068	48 
7069	301 
7070	301 
7071	235 
7072	263 
7073	225 
7074	165 
7075	81 
7076	188 
7077	235 
7078	132 
7079	203 
7080	83 
7081	262 
7082	284 
7083	54 
7084	58 
7085	58 
7086	152 
7087	108 
7088	117 
7089	274 
7090	63 
7091	117 
7092	202 
7093	181 
7094	54 
7095	264 
7096	264 
7097	98 
7098	162 
7099	214 
7100	11 
7101	127 
7102	188 
7103	191 
7104	165 
7105	136 
7106	156 
7107	262 
7108	168 
7109	296 
7110	201 
7111	93 
7112	144 
7113	221 
7114	163 
7115	129 
7116	221 
7117	196 
7118	266 
7119	142 
7120	197 
7121	286 
7122	233 
7123	238 
7124	276 
7125	267 
7126	203 
7127	35 
7128	283 
7129	82 
7130	123 
7131	120 
7132	69 
7133	116 
7134	190 
7135	148 
7136	277 
7137	255 
7138	26 
7139	130 
7140	76 
7141	123 
7142	270 
7143	109 
7144	53 
7145	63 
7146	289 
7147	215 
7148	128 
7149	260 
7150	6 
7151	100 
7152	173 
7153	266 
7154	160 
7155	171 
7156	184 
7157	199 
7158	129 
7159	22 
7160	199 
7161	123 
7162	48 
7163	40 
7164	24 
7165	236 
7166	170 
7167	287 
7168	93 
7169	220 
7170	290 
7171	172 
7172	18 
7173	76 
7174	171 
7175	185 
7176	114 
7177	175 
7178	291 
7179	237 
7180	13 
7181	250 
7182	125 
7183	243 
7184	93 
7185	240 
7186	200 
7187	237 
7188	297 
7189	229 
7190	219 
7191	15 
7192	17 
7193	86 
7194	87 
7195	123 
7196	17 
7197	3 
7198	36 
7199	156 
7200	70 
7201	213 
7202	169 
7203	233 
7204	282 
7205	67 
7206	54 
7207	239 
7208	2 
7209	105 
7210	42 
7211	70 
7212	179 
7213	187 
7214	51 
7215	293 
7216	225 
7217	19 
7218	151 
7219	260 
7220	123 
7221	196 
7222	49 
7223	28 
7224	57 
7225	258 
7226	211 
7227	31 
7228	153 
7229	249 
7230	136 
7231	251 
7232	169 
7233	184 
7234	126 
7235	281 
7236	286 
7237	301 
7238	247 
7239	281 
7240	268 
7241	175 
7242	123 
7243	179 
7244	154 
7245	277 
7246	122 
7247	160 
7248	232 
7249	237 
7250	32 
7251	176 
7252	257 
7253	275 
7254	16 
7255	7 
7256	187 
7257	106 
7258	224 
7259	74 
7260	41 
7261	121 
7262	134 
7263	98 
7264	191 
7265	274 
7266	78 
7267	10 
7268	103 
7269	65 
7270	297 
7271	62 
7272	186 
7273	252 
7274	255 
7275	194 
7276	252 
7277	260 
7278	16 
7279	46 
7280	222 
7281	96 
7282	68 
7283	154 
7284	68 
7285	118 
7286	150 
7287	11 
7288	166 
7289	174 
7290	225 
7291	213 
7292	168 
7293	35 
7294	172 
7295	107 
7296	10 
7297	301 
7298	225 
7299	144 
7300	112 
7301	216 
7302	98 
7303	108 
7304	62 
7305	31 
7306	9 
7307	134 
7308	47 
7309	192 
7310	134 
7311	204 
7312	23 
7313	171 
7314	97 
7315	95 
7316	74 
7317	110 
7318	113 
7319	54 
7320	172 
7321	261 
7322	74 
7323	97 
7324	276 
7325	227 
7326	205 
7327	271 
7328	138 
7329	275 
7330	20 
7331	300 
7332	144 
7333	141 
7334	298 
7335	69 
7336	179 
7337	55 
7338	3 
7339	170 
7340	124 
7341	217 
7342	84 
7343	238 
7344	300 
7345	261 
7346	44 
7347	225 
7348	229 
7349	204 
7350	158 
7351	299 
7352	208 
7353	8 
7354	273 
7355	275 
7356	144 
7357	239 
7358	297 
7359	72 
7360	168 
7361	43 
7362	45 
7363	155 
7364	60 
7365	62 
7366	284 
7367	7 
7368	25 
7369	26 
7370	52 
7371	48 
7372	301 
7373	276 
7374	110 
7375	213 
7376	231 
7377	110 
7378	85 
7379	138 
7380	18 
7381	8 
7382	118 
7383	82 
7384	113 
7385	116 
7386	282 
7387	267 
7388	40 
7389	44 
7390	123 
7391	255 
7392	178 
7393	107 
7394	156 
7395	230 
7396	24 
7397	25 
7398	4 
7399	55 
7400	65 
7401	173 
7402	4 
7403	179 
7404	12 
7405	88 
7406	223 
7407	90 
7408	53 
7409	220 
7410	133 
7411	11 
7412	17 
7413	258 
7414	137 
7415	143 
7416	32 
7417	3 
7418	111 
7419	222 
7420	76 
7421	81 
7422	135 
7423	192 
7424	160 
7425	135 
7426	158 
7427	140 
7428	68 
7429	162 
7430	73 
7431	76 
7432	231 
7433	145 
7434	129 
7435	40 
7436	286 
7437	258 
7438	2 
7439	284 
7440	212 
7441	31 
7442	240 
7443	87 
7444	48 
7445	202 
7446	260 
7447	272 
7448	19 
7449	74 
7450	47 
7451	45 
7452	294 
7453	130 
7454	118 
7455	77 
7456	25 
7457	155 
7458	136 
7459	229 
7460	67 
7461	282 
7462	100 
7463	105 
7464	91 
7465	193 
7466	301 
7467	267 
7468	280 
7469	149 
7470	65 
7471	207 
7472	84 
7473	282 
7474	227 
7475	145 
7476	125 
7477	260 
7478	259 
7479	169 
7480	217 
7481	150 
7482	124 
7483	145 
7484	220 
7485	19 
7486	257 
7487	162 
7488	194 
7489	175 
7490	238 
7491	144 
7492	274 
7493	58 
7494	1 
7495	200 
7496	288 
7497	201 
7498	22 
7499	181 
7500	171 
7501	274 
7502	240 
7503	205 
7504	26 
7505	225 
7506	282 
7507	115 
7508	145 
7509	13 
7510	198 
7511	209 
7512	223 
7513	199 
7514	185 
7515	24 
7516	284 
7517	282 
7518	239 
7519	194 
7520	47 
7521	175 
7522	202 
7523	32 
7524	190 
7525	265 
7526	145 
7527	215 
7528	173 
7529	275 
7530	55 
7531	144 
7532	136 
7533	153 
7534	64 
7535	104 
7536	49 
7537	81 
7538	275 
7539	123 
7540	19 
7541	166 
7542	172 
7543	45 
7544	288 
7545	257 
7546	152 
7547	210 
7548	156 
7549	155 
7550	12 
7551	129 
7552	114 
7553	52 
7554	151 
7555	166 
7556	1 
7557	131 
7558	187 
7559	118 
7560	81 
7561	72 
7562	286 
7563	184 
7564	207 
7565	225 
7566	91 
7567	263 
7568	267 
7569	100 
7570	141 
7571	136 
7572	193 
7573	103 
7574	291 
7575	186 
7576	161 
7577	137 
7578	284 
7579	39 
7580	184 
7581	220 
7582	227 
7583	147 
7584	27 
7585	265 
7586	134 
7587	8 
7588	270 
7589	34 
7590	102 
7591	89 
7592	253 
7593	17 
7594	194 
7595	138 
7596	280 
7597	61 
7598	96 
7599	56 
7600	111 
7601	88 
7602	70 
7603	251 
7604	275 
7605	228 
7606	70 
7607	242 
7608	80 
7609	267 
7610	97 
7611	172 
7612	11 
7613	264 
7614	23 
7615	74 
7616	224 
7617	15 
7618	171 
7619	43 
7620	17 
7621	202 
7622	111 
7623	198 
7624	131 
7625	115 
7626	298 
7627	299 
7628	173 
7629	45 
7630	239 
7631	255 
7632	26 
7633	56 
7634	104 
7635	104 
7636	23 
7637	43 
7638	160 
7639	77 
7640	237 
7641	247 
7642	160 
7643	22 
7644	89 
7645	167 
7646	88 
7647	40 
7648	158 
7649	268 
7650	86 
7651	284 
7652	262 
7653	278 
7654	284 
7655	5 
7656	58 
7657	28 
7658	145 
7659	102 
7660	201 
7661	70 
7662	64 
7663	293 
7664	70 
7665	16 
7666	282 
7667	273 
7668	113 
7669	135 
7670	125 
7671	36 
7672	269 
7673	281 
7674	113 
7675	190 
7676	82 
7677	298 
7678	283 
7679	62 
7680	93 
7681	281 
7682	271 
7683	69 
7684	84 
7685	59 
7686	121 
7687	48 
7688	278 
7689	202 
7690	125 
7691	213 
7692	215 
7693	90 
7694	195 
7695	101 
7696	17 
7697	112 
7698	188 
7699	157 
7700	225 
7701	196 
7702	74 
7703	103 
7704	98 
7705	296 
7706	49 
7707	282 
7708	87 
7709	67 
7710	1 
7711	36 
7712	56 
7713	246 
7714	196 
7715	196 
7716	33 
7717	132 
7718	170 
7719	168 
7720	27 
7721	296 
7722	198 
7723	2 
7724	205 
7725	299 
7726	122 
7727	39 
7728	285 
7729	287 
7730	110 
7731	168 
7732	198 
7733	33 
7734	178 
7735	257 
7736	169 
7737	170 
7738	212 
7739	181 
7740	27 
7741	59 
7742	123 
7743	97 
7744	7 
7745	62 
7746	103 
7747	70 
7748	78 
7749	267 
7750	185 
7751	62 
7752	17 
7753	30 
7754	204 
7755	173 
7756	59 
7757	102 
7758	247 
7759	213 
7760	181 
7761	24 
7762	246 
7763	203 
7764	48 
7765	112 
7766	115 
7767	271 
7768	160 
7769	204 
7770	116 
7771	72 
7772	247 
7773	208 
7774	90 
7775	65 
7776	281 
7777	158 
7778	69 
7779	196 
7780	25 
7781	121 
7782	168 
7783	61 
7784	79 
7785	67 
7786	296 
7787	250 
7788	69 
7789	58 
7790	82 
7791	231 
7792	264 
7793	238 
7794	246 
7795	133 
7796	5 
7797	45 
7798	163 
7799	209 
7800	198 
7801	216 
7802	5 
7803	249 
7804	23 
7805	287 
7806	219 
7807	114 
7808	198 
7809	172 
7810	287 
7811	11 
7812	71 
7813	127 
7814	106 
7815	191 
7816	113 
7817	295 
7818	243 
7819	190 
7820	53 
7821	297 
7822	8 
7823	205 
7824	171 
7825	134 
7826	175 
7827	99 
7828	117 
7829	188 
7830	11 
7831	164 
7832	127 
7833	106 
7834	137 
7835	58 
7836	241 
7837	38 
7838	145 
7839	137 
7840	15 
7841	17 
7842	271 
7843	266 
7844	247 
7845	11 
7846	56 
7847	71 
7848	116 
7849	119 
7850	66 
7851	115 
7852	78 
7853	209 
7854	20 
7855	107 
7856	147 
7857	26 
7858	187 
7859	285 
7860	70 
7861	35 
7862	40 
7863	147 
7864	287 
7865	119 
7866	141 
7867	120 
7868	260 
7869	219 
7870	287 
7871	61 
7872	123 
7873	159 
7874	93 
7875	5 
7876	151 
7877	96 
7878	294 
7879	72 
7880	201 
7881	65 
7882	67 
7883	166 
7884	234 
7885	59 
7886	247 
7887	43 
7888	277 
7889	209 
7890	98 
7891	24 
7892	160 
7893	214 
7894	154 
7895	215 
7896	11 
7897	86 
7898	105 
7899	3 
7900	290 
7901	99 
7902	258 
7903	100 
7904	102 
7905	80 
7906	147 
7907	115 
7908	285 
7909	285 
7910	30 
7911	82 
7912	9 
7913	144 
7914	93 
7915	61 
7916	49 
7917	163 
7918	80 
7919	99 
7920	159 
7921	92 
7922	261 
7923	219 
7924	144 
7925	225 
7926	129 
7927	132 
7928	241 
7929	266 
7930	45 
7931	99 
7932	183 
7933	19 
7934	32 
7935	285 
7936	115 
7937	227 
7938	145 
7939	167 
7940	128 
7941	70 
7942	26 
7943	300 
7944	96 
7945	203 
7946	104 
7947	44 
7948	194 
7949	124 
7950	130 
7951	298 
7952	96 
7953	9 
7954	274 
7955	272 
7956	135 
7957	168 
7958	260 
7959	92 
7960	156 
7961	20 
7962	177 
7963	25 
7964	26 
7965	180 
7966	207 
7967	238 
7968	252 
7969	107 
7970	288 
7971	52 
7972	233 
7973	259 
7974	81 
7975	116 
7976	234 
7977	118 
7978	236 
7979	32 
7980	75 
7981	251 
7982	130 
7983	31 
7984	87 
7985	139 
7986	75 
7987	23 
7988	87 
7989	295 
7990	177 
7991	44 
7992	5 
7993	160 
7994	33 
7995	207 
7996	183 
7997	66 
7998	163 
7999	198 
8000	289 
8001	194 
8002	94 
8003	47 
8004	78 
8005	129 
8006	92 
8007	61 
8008	71 
8009	298 
8010	73 
8011	237 
8012	254 
8013	251 
8014	135 
8015	41 
8016	15 
8017	293 
8018	232 
8019	263 
8020	294 
8021	141 
8022	80 
8023	245 
8024	194 
8025	139 
8026	135 
8027	45 
8028	12 
8029	253 
8030	26 
8031	90 
8032	295 
8033	267 
8034	204 
8035	281 
8036	58 
8037	115 
8038	255 
8039	155 
8040	267 
8041	216 
8042	266 
8043	151 
8044	149 
8045	274 
8046	270 
8047	274 
8048	83 
8049	258 
8050	227 
8051	99 
8052	57 
8053	277 
8054	15 
8055	65 
8056	151 
8057	243 
8058	38 
8059	149 
8060	198 
8061	24 
8062	138 
8063	180 
8064	4 
8065	135 
8066	54 
8067	121 
8068	208 
8069	239 
8070	67 
8071	218 
8072	221 
8073	99 
8074	201 
8075	299 
8076	244 
8077	287 
8078	40 
8079	85 
8080	83 
8081	179 
8082	5 
8083	74 
8084	24 
8085	11 
8086	277 
8087	186 
8088	127 
8089	253 
8090	18 
8091	29 
8092	160 
8093	182 
8094	153 
8095	284 
8096	297 
8097	51 
8098	1 
8099	229 
8100	212 
8101	179 
8102	277 
8103	126 
8104	267 
8105	300 
8106	91 
8107	60 
8108	267 
8109	183 
8110	286 
8111	133 
8112	259 
8113	196 
8114	232 
8115	267 
8116	261 
8117	274 
8118	188 
8119	111 
8120	287 
8121	59 
8122	45 
8123	77 
8124	193 
8125	200 
8126	2 
8127	196 
8128	170 
8129	143 
8130	106 
8131	213 
8132	102 
8133	152 
8134	175 
8135	7 
8136	44 
8137	99 
8138	260 
8139	211 
8140	284 
8141	169 
8142	70 
8143	152 
8144	164 
8145	123 
8146	61 
8147	230 
8148	261 
8149	150 
8150	127 
8151	183 
8152	27 
8153	84 
8154	88 
8155	127 
8156	172 
8157	242 
8158	254 
8159	40 
8160	92 
8161	282 
8162	191 
8163	242 
8164	201 
8165	116 
8166	166 
8167	74 
8168	139 
8169	249 
8170	228 
8171	255 
8172	284 
8173	175 
8174	236 
8175	278 
8176	124 
8177	134 
8178	227 
8179	108 
8180	173 
8181	37 
8182	126 
8183	104 
8184	198 
8185	188 
8186	62 
8187	110 
8188	61 
8189	225 
8190	39 
8191	170 
8192	199 
8193	34 
8194	259 
8195	78 
8196	240 
8197	99 
8198	180 
8199	276 
8200	258 
8201	215 
8202	35 
8203	209 
8204	210 
8205	169 
8206	103 
8207	125 
8208	128 
8209	275 
8210	282 
8211	41 
8212	41 
8213	191 
8214	158 
8215	140 
8216	34 
8217	182 
8218	188 
8219	130 
8220	260 
8221	158 
8222	127 
8223	219 
8224	15 
8225	117 
8226	123 
8227	27 
8228	135 
8229	247 
8230	205 
8231	21 
8232	92 
8233	27 
8234	154 
8235	182 
8236	157 
8237	281 
8238	97 
8239	281 
8240	12 
8241	37 
8242	71 
8243	70 
8244	202 
8245	250 
8246	196 
8247	300 
8248	145 
8249	294 
8250	66 
8251	244 
8252	273 
8253	75 
8254	287 
8255	210 
8256	84 
8257	188 
8258	118 
8259	292 
8260	90 
8261	167 
8262	55 
8263	70 
8264	74 
8265	282 
8266	121 
8267	282 
8268	61 
8269	201 
8270	121 
8271	85 
8272	24 
8273	54 
8274	272 
8275	199 
8276	152 
8277	194 
8278	257 
8279	66 
8280	233 
8281	28 
8282	260 
8283	255 
8284	249 
8285	106 
8286	271 
8287	240 
8288	299 
8289	296 
8290	232 
8291	195 
8292	175 
8293	14 
8294	223 
8295	125 
8296	249 
8297	65 
8298	3 
8299	277 
8300	54 
8301	81 
8302	235 
8303	249 
8304	296 
8305	220 
8306	125 
8307	298 
8308	240 
8309	137 
8310	274 
8311	137 
8312	74 
8313	156 
8314	256 
8315	85 
8316	20 
8317	137 
8318	123 
8319	45 
8320	10 
8321	282 
8322	191 
8323	224 
8324	116 
8325	201 
8326	173 
8327	196 
8328	110 
8329	127 
8330	122 
8331	230 
8332	212 
8333	263 
8334	247 
8335	25 
8336	284 
8337	136 
8338	236 
8339	204 
8340	22 
8341	204 
8342	200 
8343	160 
8344	225 
8345	203 
8346	209 
8347	56 
8348	131 
8349	12 
8350	87 
8351	3 
8352	292 
8353	58 
8354	206 
8355	131 
8356	45 
8357	247 
8358	113 
8359	175 
8360	63 
8361	195 
8362	36 
8363	127 
8364	153 
8365	162 
8366	198 
8367	226 
8368	82 
8369	93 
8370	12 
8371	87 
8372	210 
8373	97 
8374	154 
8375	225 
8376	189 
8377	264 
8378	121 
8379	51 
8380	271 
8381	28 
8382	102 
8383	193 
8384	43 
8385	86 
8386	33 
8387	210 
8388	213 
8389	172 
8390	291 
8391	295 
8392	104 
8393	195 
8394	195 
8395	168 
8396	12 
8397	181 
8398	24 
8399	268 
8400	51 
8401	186 
8402	189 
8403	142 
8404	248 
8405	206 
8406	8 
8407	31 
8408	15 
8409	78 
8410	144 
8411	113 
8412	89 
8413	275 
8414	121 
8415	6 
8416	58 
8417	101 
8418	91 
8419	274 
8420	167 
8421	45 
8422	270 
8423	250 
8424	20 
8425	194 
8426	54 
8427	213 
8428	205 
8429	207 
8430	210 
8431	96 
8432	152 
8433	128 
8434	104 
8435	157 
8436	67 
8437	228 
8438	12 
8439	234 
8440	102 
8441	187 
8442	46 
8443	287 
8444	3 
8445	44 
8446	48 
8447	200 
8448	87 
8449	96 
8450	18 
8451	162 
8452	232 
8453	42 
8454	301 
8455	233 
8456	15 
8457	73 
8458	156 
8459	179 
8460	27 
8461	42 
8462	267 
8463	51 
8464	72 
8465	280 
8466	247 
8467	63 
8468	203 
8469	272 
8470	110 
8471	187 
8472	122 
8473	145 
8474	301 
8475	258 
8476	272 
8477	132 
8478	102 
8479	281 
8480	212 
8481	23 
8482	32 
8483	48 
8484	281 
8485	182 
8486	287 
8487	172 
8488	92 
8489	108 
8490	87 
8491	62 
8492	84 
8493	273 
8494	98 
8495	234 
8496	175 
8497	197 
8498	178 
8499	41 
8500	181 
8501	51 
8502	189 
8503	186 
8504	284 
8505	187 
8506	191 
8507	61 
8508	33 
8509	276 
8510	15 
8511	16 
8512	252 
8513	29 
8514	252 
8515	125 
8516	42 
8517	17 
8518	200 
8519	53 
8520	290 
8521	212 
8522	149 
8523	223 
8524	239 
8525	13 
8526	232 
8527	19 
8528	256 
8529	259 
8530	76 
8531	205 
8532	128 
8533	3 
8534	199 
8535	99 
8536	243 
8537	36 
8538	147 
8539	87 
8540	3 
8541	49 
8542	276 
8543	51 
8544	27 
8545	279 
8546	53 
8547	59 
8548	80 
8549	115 
8550	20 
8551	164 
8552	148 
8553	215 
8554	110 
8555	93 
8556	222 
8557	200 
8558	79 
8559	31 
8560	259 
8561	230 
8562	95 
8563	30 
8564	27 
8565	36 
8566	83 
8567	178 
8568	70 
8569	56 
8570	29 
8571	45 
8572	47 
8573	191 
8574	88 
8575	243 
8576	299 
8577	32 
8578	98 
8579	137 
8580	65 
8581	55 
8582	162 
8583	260 
8584	11 
8585	94 
8586	203 
8587	283 
8588	160 
8589	40 
8590	127 
8591	237 
8592	189 
8593	151 
8594	162 
8595	275 
8596	64 
8597	175 
8598	197 
8599	5 
8600	241 
8601	74 
8602	123 
8603	47 
8604	279 
8605	82 
8606	83 
8607	181 
8608	157 
8609	66 
8610	230 
8611	108 
8612	172 
8613	256 
8614	176 
8615	99 
8616	68 
8617	204 
8618	280 
8619	37 
8620	214 
8621	257 
8622	118 
8623	200 
8624	102 
8625	268 
8626	152 
8627	199 
8628	114 
8629	49 
8630	71 
8631	111 
8632	73 
8633	202 
8634	4 
8635	26 
8636	244 
8637	105 
8638	258 
8639	5 
8640	102 
8641	26 
8642	64 
8643	129 
8644	264 
8645	133 
8646	80 
8647	139 
8648	46 
8649	32 
8650	150 
8651	146 
8652	193 
8653	89 
8654	107 
8655	76 
8656	251 
8657	111 
8658	34 
8659	238 
8660	212 
8661	247 
8662	22 
8663	86 
8664	155 
8665	219 
8666	208 
8667	276 
8668	69 
8669	136 
8670	70 
8671	44 
8672	222 
8673	282 
8674	218 
8675	196 
8676	162 
8677	78 
8678	63 
8679	50 
8680	4 
8681	204 
8682	282 
8683	120 
8684	49 
8685	67 
8686	175 
8687	165 
8688	167 
8689	36 
8690	103 
8691	5 
8692	96 
8693	67 
8694	263 
8695	32 
8696	223 
8697	69 
8698	59 
8699	13 
8700	222 
8701	26 
8702	211 
8703	17 
8704	62 
8705	96 
8706	5 
8707	46 
8708	27 
8709	196 
8710	17 
8711	25 
8712	127 
8713	292 
8714	85 
8715	196 
8716	300 
8717	9 
8718	12 
8719	66 
8720	78 
8721	196 
8722	35 
8723	180 
8724	165 
8725	140 
8726	124 
8727	300 
8728	208 
8729	198 
8730	230 
8731	69 
8732	215 
8733	13 
8734	187 
8735	27 
8736	293 
8737	240 
8738	149 
8739	119 
8740	51 
8741	235 
8742	104 
8743	76 
8744	33 
8745	19 
8746	193 
8747	129 
8748	232 
8749	182 
8750	291 
8751	59 
8752	177 
8753	50 
8754	154 
8755	66 
8756	286 
8757	231 
8758	72 
8759	54 
8760	23 
8761	147 
8762	55 
8763	128 
8764	145 
8765	137 
8766	22 
8767	199 
8768	253 
8769	61 
8770	178 
8771	200 
8772	201 
8773	279 
8774	243 
8775	284 
8776	69 
8777	50 
8778	137 
8779	122 
8780	209 
8781	131 
8782	169 
8783	163 
8784	59 
8785	76 
8786	301 
8787	286 
8788	89 
8789	154 
8790	274 
8791	134 
8792	83 
8793	77 
8794	263 
8795	211 
8796	108 
8797	78 
8798	174 
8799	171 
8800	99 
8801	220 
8802	190 
8803	126 
8804	73 
8805	282 
8806	181 
8807	107 
8808	151 
8809	168 
8810	272 
8811	266 
8812	183 
8813	128 
8814	214 
8815	193 
8816	286 
8817	165 
8818	133 
8819	232 
8820	44 
8821	290 
8822	256 
8823	254 
8824	214 
8825	88 
8826	35 
8827	86 
8828	156 
8829	175 
8830	136 
8831	97 
8832	180 
8833	37 
8834	179 
8835	234 
8836	159 
8837	262 
8838	36 
8839	288 
8840	159 
8841	140 
8842	278 
8843	220 
8844	179 
8845	220 
8846	216 
8847	142 
8848	192 
8849	98 
8850	178 
8851	123 
8852	203 
8853	240 
8854	254 
8855	25 
8856	218 
8857	291 
8858	129 
8859	158 
8860	275 
8861	104 
8862	123 
8863	102 
8864	233 
8865	129 
8866	52 
8867	276 
8868	150 
8869	153 
8870	257 
8871	69 
8872	220 
8873	121 
8874	43 
8875	79 
8876	32 
8877	122 
8878	257 
8879	247 
8880	21 
8881	68 
8882	142 
8883	284 
8884	175 
8885	14 
8886	83 
8887	164 
8888	257 
8889	179 
8890	231 
8891	279 
8892	49 
8893	11 
8894	108 
8895	248 
8896	250 
8897	149 
8898	108 
8899	78 
8900	60 
8901	74 
8902	231 
8903	197 
8904	267 
8905	13 
8906	100 
8907	226 
8908	183 
8909	24 
8910	23 
8911	58 
8912	157 
8913	281 
8914	101 
8915	241 
8916	223 
8917	55 
8918	284 
8919	110 
8920	54 
8921	277 
8922	278 
8923	85 
8924	202 
8925	3 
8926	219 
8927	88 
8928	149 
8929	170 
8930	80 
8931	173 
8932	238 
8933	85 
8934	45 
8935	197 
8936	98 
8937	296 
8938	83 
8939	259 
8940	35 
8941	39 
8942	150 
8943	175 
8944	201 
8945	92 
8946	148 
8947	115 
8948	100 
8949	296 
8950	77 
8951	16 
8952	2 
8953	124 
8954	32 
8955	175 
8956	99 
8957	27 
8958	1 
8959	181 
8960	283 
8961	154 
8962	247 
8963	200 
8964	187 
8965	62 
8966	94 
8967	112 
8968	116 
8969	47 
8970	262 
8971	66 
8972	8 
8973	202 
8974	45 
8975	173 
8976	101 
8977	227 
8978	284 
8979	144 
8980	166 
8981	34 
8982	175 
8983	6 
8984	196 
8985	256 
8986	14 
8987	291 
8988	69 
8989	284 
8990	222 
8991	192 
8992	104 
8993	129 
8994	174 
8995	44 
8996	262 
8997	258 
8998	150 
8999	262 
9000	174 
9001	46 
9002	95 
9003	221 
9004	67 
9005	237 
9006	29 
9007	196 
9008	140 
9009	185 
9010	284 
9011	76 
9012	119 
9013	25 
9014	194 
9015	32 
9016	219 
9017	179 
9018	187 
9019	90 
9020	121 
9021	145 
9022	100 
9023	51 
9024	259 
9025	59 
9026	216 
9027	289 
9028	287 
9029	180 
9030	259 
9031	48 
9032	164 
9033	69 
9034	60 
9035	72 
9036	214 
9037	197 
9038	63 
9039	21 
9040	28 
9041	275 
9042	289 
9043	297 
9044	119 
9045	271 
9046	13 
9047	276 
9048	25 
9049	19 
9050	9 
9051	193 
9052	201 
9053	179 
9054	42 
9055	215 
9056	147 
9057	172 
9058	59 
9059	16 
9060	158 
9061	138 
9062	29 
9063	37 
9064	102 
9065	300 
9066	285 
9067	185 
9068	215 
9069	105 
9070	156 
9071	173 
9072	34 
9073	169 
9074	138 
9075	34 
9076	4 
9077	188 
9078	203 
9079	280 
9080	265 
9081	273 
9082	1 
9083	197 
9084	100 
9085	226 
9086	49 
9087	183 
9088	16 
9089	268 
9090	194 
9091	215 
9092	135 
9093	133 
9094	3 
9095	12 
9096	173 
9097	57 
9098	32 
9099	62 
9100	129 
9101	24 
9102	170 
9103	20 
9104	161 
9105	69 
9106	36 
9107	156 
9108	109 
9109	197 
9110	97 
9111	69 
9112	99 
9113	124 
9114	103 
9115	56 
9116	31 
9117	231 
9118	19 
9119	273 
9120	74 
9121	201 
9122	175 
9123	127 
9124	174 
9125	59 
9126	124 
9127	60 
9128	41 
9129	50 
9130	153 
9131	153 
9132	60 
9133	62 
9134	207 
9135	212 
9136	137 
9137	20 
9138	301 
9139	281 
9140	26 
9141	145 
9142	93 
9143	51 
9144	159 
9145	301 
9146	194 
9147	154 
9148	214 
9149	293 
9150	38 
9151	57 
9152	258 
9153	79 
9154	55 
9155	156 
9156	249 
9157	181 
9158	299 
9159	66 
9160	164 
9161	89 
9162	79 
9163	46 
9164	291 
9165	299 
9166	119 
9167	114 
9168	245 
9169	161 
9170	24 
9171	54 
9172	28 
9173	11 
9174	264 
9175	12 
9176	1 
9177	174 
9178	85 
9179	143 
9180	22 
9181	93 
9182	273 
9183	89 
9184	105 
9185	140 
9186	129 
9187	67 
9188	271 
9189	219 
9190	272 
9191	87 
9192	36 
9193	88 
9194	43 
9195	80 
9196	254 
9197	140 
9198	248 
9199	168 
9200	188 
9201	37 
9202	19 
9203	284 
9204	224 
9205	74 
9206	58 
9207	51 
9208	127 
9209	5 
9210	158 
9211	194 
9212	25 
9213	5 
9214	217 
9215	60 
9216	193 
9217	119 
9218	279 
9219	156 
9220	276 
9221	200 
9222	226 
9223	205 
9224	116 
9225	21 
9226	198 
9227	109 
9228	189 
9229	104 
9230	80 
9231	71 
9232	246 
9233	219 
9234	145 
9235	204 
9236	278 
9237	16 
9238	250 
9239	284 
9240	42 
9241	279 
9242	196 
9243	291 
9244	35 
9245	192 
9246	100 
9247	137 
9248	275 
9249	199 
9250	6 
9251	123 
9252	71 
9253	233 
9254	285 
9255	20 
9256	277 
9257	298 
9258	285 
9259	19 
9260	13 
9261	79 
9262	64 
9263	276 
9264	279 
9265	102 
9266	32 
9267	255 
9268	125 
9269	72 
9270	150 
9271	90 
9272	212 
9273	124 
9274	100 
9275	89 
9276	153 
9277	6 
9278	85 
9279	102 
9280	184 
9281	203 
9282	64 
9283	185 
9284	32 
9285	259 
9286	145 
9287	162 
9288	95 
9289	187 
9290	1 
9291	21 
9292	138 
9293	99 
9294	105 
9295	163 
9296	113 
9297	137 
9298	71 
9299	159 
9300	77 
9301	166 
9302	194 
9303	278 
9304	70 
9305	281 
9306	88 
9307	4 
9308	125 
9309	220 
9310	244 
9311	257 
9312	53 
9313	115 
9314	52 
9315	187 
9316	112 
9317	127 
9318	105 
9319	108 
9320	228 
9321	295 
9322	50 
9323	261 
9324	166 
9325	42 
9326	153 
9327	239 
9328	236 
9329	283 
9330	133 
9331	299 
9332	233 
9333	153 
9334	133 
9335	88 
9336	136 
9337	146 
9338	189 
9339	30 
9340	167 
9341	76 
9342	235 
9343	182 
9344	269 
9345	269 
9346	225 
9347	30 
9348	162 
9349	73 
9350	36 
9351	120 
9352	200 
9353	43 
9354	3 
9355	300 
9356	167 
9357	148 
9358	81 
9359	133 
9360	265 
9361	36 
9362	200 
9363	3 
9364	234 
9365	35 
9366	17 
9367	81 
9368	69 
9369	144 
9370	245 
9371	212 
9372	242 
9373	5 
9374	112 
9375	99 
9376	106 
9377	255 
9378	13 
9379	179 
9380	292 
9381	204 
9382	5 
9383	198 
9384	256 
9385	37 
9386	6 
9387	244 
9388	136 
9389	268 
9390	268 
9391	90 
9392	25 
9393	106 
9394	191 
9395	105 
9396	254 
9397	19 
9398	78 
9399	222 
9400	94 
9401	218 
9402	33 
9403	8 
9404	10 
9405	128 
9406	18 
9407	22 
9408	91 
9409	290 
9410	169 
9411	74 
9412	70 
9413	246 
9414	116 
9415	252 
9416	153 
9417	162 
9418	287 
9419	80 
9420	82 
9421	297 
9422	281 
9423	131 
9424	263 
9425	166 
9426	30 
9427	58 
9428	53 
9429	51 
9430	63 
9431	4 
9432	85 
9433	82 
9434	168 
9435	214 
9436	67 
9437	192 
9438	287 
9439	97 
9440	111 
9441	187 
9442	158 
9443	28 
9444	43 
9445	10 
9446	239 
9447	2 
9448	142 
9449	255 
9450	179 
9451	14 
9452	32 
9453	76 
9454	219 
9455	257 
9456	5 
9457	10 
9458	156 
9459	226 
9460	183 
9461	171 
9462	143 
9463	33 
9464	277 
9465	247 
9466	255 
9467	199 
9468	80 
9469	11 
9470	166 
9471	155 
9472	151 
9473	51 
9474	30 
9475	5 
9476	244 
9477	291 
9478	119 
9479	61 
9480	208 
9481	300 
9482	1 
9483	159 
9484	175 
9485	63 
9486	9 
9487	256 
9488	293 
9489	87 
9490	108 
9491	251 
9492	78 
9493	250 
9494	220 
9495	119 
9496	195 
9497	155 
9498	209 
9499	162 
9500	276 
9501	53 
9502	46 
9503	6 
9504	146 
9505	145 
9506	163 
9507	59 
9508	245 
9509	49 
9510	190 
9511	299 
9512	48 
9513	56 
9514	82 
9515	217 
9516	106 
9517	153 
9518	246 
9519	142 
9520	219 
9521	294 
9522	127 
9523	122 
9524	258 
9525	133 
9526	155 
9527	266 
9528	70 
9529	204 
9530	191 
9531	75 
9532	188 
9533	134 
9534	104 
9535	10 
9536	199 
9537	153 
9538	85 
9539	43 
9540	128 
9541	176 
9542	14 
9543	128 
9544	176 
9545	253 
9546	16 
9547	262 
9548	131 
9549	107 
9550	290 
9551	207 
9552	100 
9553	81 
9554	277 
9555	214 
9556	27 
9557	72 
9558	38 
9559	274 
9560	123 
9561	296 
9562	178 
9563	65 
9564	267 
9565	3 
9566	179 
9567	151 
9568	58 
9569	176 
9570	189 
9571	270 
9572	200 
9573	70 
9574	208 
9575	210 
9576	137 
9577	278 
9578	190 
9579	28 
9580	37 
9581	13 
9582	18 
9583	213 
9584	15 
9585	228 
9586	94 
9587	72 
9588	104 
9589	16 
9590	31 
9591	296 
9592	221 
9593	34 
9594	152 
9595	89 
9596	27 
9597	225 
9598	300 
9599	150 
9600	139 
9601	1 
9602	156 
9603	187 
9604	278 
9605	206 
9606	119 
9607	130 
9608	266 
9609	17 
9610	248 
9611	244 
9612	50 
9613	18 
9614	272 
9615	77 
9616	272 
9617	14 
9618	71 
9619	19 
9620	19 
9621	275 
9622	66 
9623	220 
9624	134 
9625	226 
9626	186 
9627	230 
9628	112 
9629	222 
9630	80 
9631	290 
9632	248 
9633	62 
9634	73 
9635	270 
9636	87 
9637	158 
9638	233 
9639	13 
9640	46 
9641	173 
9642	32 
9643	25 
9644	45 
9645	269 
9646	7 
9647	91 
9648	177 
9649	253 
9650	299 
9651	90 
9652	292 
9653	54 
9654	145 
9655	131 
9656	121 
9657	46 
9658	155 
9659	197 
9660	102 
9661	203 
9662	278 
9663	95 
9664	224 
9665	162 
9666	30 
9667	23 
9668	222 
9669	261 
9670	194 
9671	162 
9672	20 
9673	21 
9674	136 
9675	57 
9676	35 
9677	300 
9678	71 
9679	131 
9680	77 
9681	118 
9682	215 
9683	213 
9684	41 
9685	162 
9686	140 
9687	298 
9688	96 
9689	227 
9690	236 
9691	29 
9692	216 
9693	53 
9694	259 
9695	105 
9696	257 
9697	151 
9698	250 
9699	211 
9700	28 
9701	140 
9702	243 
9703	236 
9704	294 
9705	128 
9706	163 
9707	123 
9708	180 
9709	62 
9710	33 
9711	177 
9712	290 
9713	221 
9714	288 
9715	296 
9716	161 
9717	55 
9718	8 
9719	178 
9720	179 
9721	128 
9722	290 
9723	115 
9724	2 
9725	111 
9726	250 
9727	285 
9728	205 
9729	121 
9730	78 
9731	187 
9732	2 
9733	15 
9734	240 
9735	82 
9736	170 
9737	247 
9738	21 
9739	79 
9740	84 
9741	253 
9742	110 
9743	25 
9744	187 
9745	84 
9746	289 
9747	294 
9748	53 
9749	290 
9750	20 
9751	119 
9752	259 
9753	162 
9754	197 
9755	141 
9756	179 
9757	233 
9758	87 
9759	82 
9760	16 
9761	188 
9762	176 
9763	20 
9764	277 
9765	132 
9766	126 
9767	192 
9768	142 
9769	174 
9770	25 
9771	47 
9772	20 
9773	220 
9774	98 
9775	180 
9776	12 
9777	244 
9778	264 
9779	169 
9780	122 
9781	65 
9782	38 
9783	284 
9784	26 
9785	149 
9786	249 
9787	111 
9788	202 
9789	3 
9790	225 
9791	50 
9792	240 
9793	9 
9794	127 
9795	230 
9796	300 
9797	211 
9798	50 
9799	75 
9800	291 
9801	32 
9802	72 
9803	288 
9804	124 
9805	205 
9806	281 
9807	61 
9808	290 
9809	78 
9810	207 
9811	136 
9812	222 
9813	2 
9814	97 
9815	232 
9816	275 
9817	15 
9818	241 
9819	120 
9820	84 
9821	144 
9822	179 
9823	181 
9824	50 
9825	156 
9826	301 
9827	297 
9828	190 
9829	239 
9830	65 
9831	235 
9832	268 
9833	27 
9834	99 
9835	36 
9836	57 
9837	236 
9838	49 
9839	72 
9840	204 
9841	98 
9842	31 
9843	239 
9844	124 
9845	20 
9846	19 
9847	129 
9848	228 
9849	127 
9850	4 
9851	187 
9852	112 
9853	223 
9854	87 
9855	8 
9856	278 
9857	38 
9858	95 
9859	130 
9860	176 
9861	35 
9862	81 
9863	281 
9864	277 
9865	248 
9866	250 
9867	222 
9868	278 
9869	175 
9870	13 
9871	171 
9872	83 
9873	284 
9874	36 
9875	208 
9876	282 
9877	99 
9878	28 
9879	110 
9880	301 
9881	153 
9882	64 
9883	279 
9884	208 
9885	36 
9886	167 
9887	33 
9888	108 
9889	6 
9890	185 
9891	148 
9892	170 
9893	295 
9894	162 
9895	57 
9896	153 
9897	231 
9898	178 
9899	221 
9900	28 
9901	117 
9902	225 
9903	263 
9904	271 
9905	248 
9906	17 
9907	37 
9908	295 
9909	151 
9910	290 
9911	258 
9912	11 
9913	100 
9914	44 
9915	257 
9916	141 
9917	202 
9918	38 
9919	149 
9920	189 
9921	108 
9922	106 
9923	297 
9924	285 
9925	265 
9926	283 
9927	182 
9928	42 
9929	184 
9930	50 
9931	163 
9932	119 
9933	34 
9934	38 
9935	218 
9936	263 
9937	110 
9938	250 
9939	127 
9940	160 
9941	180 
9942	233 
9943	175 
9944	140 
9945	132 
9946	82 
9947	146 
9948	11 
9949	118 
9950	28 
9951	82 
9952	186 
9953	26 
9954	275 
9955	56 
9956	76 
9957	187 
9958	81 
9959	185 
9960	259 
9961	267 
9962	53 
9963	92 
9964	202 
9965	295 
9966	13 
9967	27 
9968	160 
9969	29 
9970	258 
9971	274 
9972	43 
9973	48 
9974	123 
9975	296 
9976	272 
9977	92 
9978	172 
9979	225 
9980	240 
9981	165 
9982	223 
9983	207 
9984	12 
9985	187 
9986	241 
9987	179 
9988	136 
9989	138 
9990	106 
9991	272 
9992	175 
9993	70 
9994	2 
9995	129 
9996	248 
9997	45 
9998	282 
9999	12 
10000	2 
