1	258 
2	206 
3	52 
4	296 
5	206 
6	60 
7	244 
8	80 
9	187 
10	113 
11	34 
12	170 
13	306 
14	95 
15	51 
16	125 
17	173 
18	77 
19	91 
20	138 
21	59 
22	19 
23	257 
24	97 
25	93 
26	236 
27	181 
28	162 
29	22 
30	136 
31	132 
32	149 
33	160 
34	258 
35	249 
36	39 
37	33 
38	224 
39	188 
40	189 
41	183 
42	146 
43	56 
44	111 
45	227 
46	303 
47	51 
48	269 
49	261 
50	230 
51	224 
52	306 
53	287 
54	58 
55	290 
56	56 
57	260 
58	308 
59	3 
60	149 
61	11 
62	157 
63	100 
64	106 
65	35 
66	116 
67	50 
68	108 
69	151 
70	233 
71	161 
72	3 
73	270 
74	37 
75	121 
76	304 
77	80 
78	250 
79	172 
80	113 
81	231 
82	247 
83	207 
84	68 
85	90 
86	124 
87	273 
88	54 
89	37 
90	186 
91	156 
92	173 
93	60 
94	38 
95	284 
96	70 
97	160 
98	7 
99	205 
100	11 
101	244 
102	55 
103	22 
104	304 
105	61 
106	141 
107	85 
108	87 
109	270 
110	187 
111	153 
112	49 
113	164 
114	40 
115	226 
116	106 
117	131 
118	213 
119	236 
120	287 
121	47 
122	40 
123	47 
124	88 
125	301 
126	293 
127	53 
128	245 
129	13 
130	264 
131	90 
132	7 
133	61 
134	51 
135	170 
136	131 
137	73 
138	96 
139	121 
140	233 
141	188 
142	83 
143	192 
144	286 
145	146 
146	198 
147	3 
148	113 
149	213 
150	179 
151	7 
152	32 
153	199 
154	299 
155	242 
156	110 
157	85 
158	79 
159	265 
160	229 
161	18 
162	187 
163	243 
164	96 
165	214 
166	308 
167	15 
168	72 
169	50 
170	107 
171	106 
172	252 
173	150 
174	203 
175	277 
176	213 
177	152 
178	59 
179	212 
180	159 
181	218 
182	165 
183	193 
184	214 
185	16 
186	308 
187	265 
188	26 
189	110 
190	279 
191	194 
192	139 
193	280 
194	166 
195	7 
196	52 
197	137 
198	150 
199	208 
200	224 
201	145 
202	105 
203	187 
204	116 
205	234 
206	55 
207	222 
208	145 
209	215 
210	26 
211	33 
212	22 
213	7 
214	286 
215	220 
216	108 
217	58 
218	8 
219	60 
220	204 
221	120 
222	233 
223	247 
224	26 
225	204 
226	89 
227	190 
228	76 
229	280 
230	283 
231	22 
232	257 
233	97 
234	49 
235	32 
236	49 
237	221 
238	131 
239	12 
240	128 
241	167 
242	166 
243	62 
244	87 
245	38 
246	80 
247	246 
248	114 
249	228 
250	251 
251	249 
252	174 
253	235 
254	298 
255	39 
256	264 
257	227 
258	247 
259	80 
260	123 
261	48 
262	92 
263	13 
264	138 
265	154 
266	106 
267	91 
268	111 
269	32 
270	244 
271	220 
272	237 
273	210 
274	14 
275	215 
276	295 
277	250 
278	44 
279	9 
280	299 
281	80 
282	173 
283	1 
284	115 
285	240 
286	192 
287	32 
288	164 
289	243 
290	118 
291	151 
292	262 
293	249 
294	6 
295	305 
296	47 
297	162 
298	154 
299	182 
300	114 
301	171 
302	9 
303	181 
304	66 
305	133 
306	250 
307	232 
308	196 
309	119 
310	194 
311	81 
312	214 
313	37 
314	117 
315	44 
316	256 
317	57 
318	289 
319	158 
320	144 
321	61 
322	303 
323	119 
324	307 
325	255 
326	97 
327	252 
328	223 
329	135 
330	94 
331	220 
332	179 
333	119 
334	103 
335	78 
336	293 
337	131 
338	292 
339	126 
340	116 
341	153 
342	74 
343	270 
344	160 
345	179 
346	148 
347	5 
348	206 
349	303 
350	225 
351	97 
352	2 
353	254 
354	215 
355	198 
356	208 
357	216 
358	171 
359	127 
360	230 
361	200 
362	232 
363	32 
364	304 
365	11 
366	84 
367	108 
368	266 
369	190 
370	90 
371	122 
372	244 
373	280 
374	133 
375	300 
376	224 
377	142 
378	121 
379	215 
380	103 
381	65 
382	172 
383	93 
384	246 
385	302 
386	50 
387	97 
388	174 
389	259 
390	203 
391	64 
392	252 
393	156 
394	120 
395	33 
396	123 
397	71 
398	203 
399	111 
400	280 
401	207 
402	190 
403	205 
404	218 
405	181 
406	297 
407	270 
408	289 
409	85 
410	67 
411	224 
412	44 
413	219 
414	63 
415	203 
416	136 
417	107 
418	162 
419	25 
420	139 
421	199 
422	87 
423	226 
424	75 
425	208 
426	251 
427	268 
428	128 
429	255 
430	84 
431	201 
432	179 
433	252 
434	219 
435	285 
436	174 
437	39 
438	50 
439	305 
440	215 
441	40 
442	168 
443	25 
444	10 
445	199 
446	83 
447	243 
448	151 
449	307 
450	24 
451	284 
452	147 
453	56 
454	247 
455	209 
456	244 
457	63 
458	107 
459	211 
460	97 
461	262 
462	223 
463	307 
464	112 
465	259 
466	24 
467	2 
468	14 
469	97 
470	206 
471	118 
472	113 
473	209 
474	134 
475	148 
476	218 
477	280 
478	165 
479	72 
480	263 
481	3 
482	47 
483	145 
484	30 
485	204 
486	165 
487	38 
488	205 
489	230 
490	254 
491	261 
492	150 
493	126 
494	50 
495	184 
496	12 
497	220 
498	187 
499	227 
500	284 
501	290 
502	113 
503	212 
504	85 
505	152 
506	306 
507	195 
508	281 
509	253 
510	125 
511	252 
512	213 
513	272 
514	113 
515	166 
516	88 
517	15 
518	36 
519	188 
520	227 
521	11 
522	106 
523	278 
524	164 
525	172 
526	303 
527	213 
528	213 
529	89 
530	306 
531	7 
532	244 
533	45 
534	121 
535	128 
536	85 
537	183 
538	5 
539	123 
540	145 
541	69 
542	102 
543	199 
544	239 
545	208 
546	258 
547	200 
548	176 
549	93 
550	252 
551	221 
552	251 
553	5 
554	75 
555	35 
556	250 
557	24 
558	190 
559	77 
560	175 
561	142 
562	177 
563	248 
564	76 
565	170 
566	69 
567	9 
568	234 
569	223 
570	288 
571	230 
572	149 
573	224 
574	37 
575	268 
576	66 
577	91 
578	139 
579	105 
580	61 
581	250 
582	153 
583	25 
584	152 
585	207 
586	231 
587	33 
588	161 
589	224 
590	43 
591	225 
592	221 
593	96 
594	5 
595	150 
596	122 
597	72 
598	110 
599	16 
600	222 
601	137 
602	208 
603	102 
604	263 
605	65 
606	68 
607	63 
608	241 
609	154 
610	113 
611	265 
612	167 
613	212 
614	109 
615	62 
616	131 
617	57 
618	153 
619	12 
620	236 
621	114 
622	145 
623	133 
624	200 
625	86 
626	66 
627	196 
628	187 
629	9 
630	174 
631	24 
632	51 
633	110 
634	166 
635	77 
636	65 
637	34 
638	98 
639	254 
640	180 
641	224 
642	30 
643	111 
644	79 
645	246 
646	124 
647	273 
648	30 
649	47 
650	172 
651	244 
652	157 
653	174 
654	214 
655	213 
656	133 
657	117 
658	114 
659	103 
660	62 
661	254 
662	33 
663	163 
664	47 
665	274 
666	23 
667	272 
668	169 
669	252 
670	292 
671	14 
672	182 
673	73 
674	7 
675	59 
676	236 
677	69 
678	139 
679	259 
680	20 
681	296 
682	189 
683	261 
684	265 
685	41 
686	213 
687	34 
688	160 
689	190 
690	261 
691	106 
692	186 
693	298 
694	269 
695	68 
696	126 
697	274 
698	199 
699	220 
700	117 
701	165 
702	235 
703	8 
704	40 
705	184 
706	157 
707	230 
708	96 
709	5 
710	23 
711	49 
712	250 
713	173 
714	232 
715	108 
716	308 
717	243 
718	301 
719	102 
720	275 
721	265 
722	136 
723	193 
724	67 
725	177 
726	308 
727	3 
728	250 
729	299 
730	171 
731	292 
732	156 
733	75 
734	265 
735	83 
736	300 
737	149 
738	289 
739	218 
740	200 
741	213 
742	281 
743	57 
744	248 
745	157 
746	35 
747	153 
748	33 
749	154 
750	71 
751	2 
752	298 
753	307 
754	174 
755	121 
756	186 
757	92 
758	32 
759	31 
760	81 
761	93 
762	94 
763	221 
764	285 
765	223 
766	6 
767	118 
768	105 
769	123 
770	240 
771	20 
772	69 
773	241 
774	177 
775	195 
776	268 
777	290 
778	15 
779	137 
780	308 
781	52 
782	254 
783	165 
784	235 
785	27 
786	49 
787	288 
788	55 
789	26 
790	70 
791	233 
792	291 
793	186 
794	211 
795	184 
796	272 
797	285 
798	50 
799	88 
800	174 
801	153 
802	237 
803	193 
804	259 
805	291 
806	127 
807	227 
808	250 
809	48 
810	91 
811	266 
812	185 
813	53 
814	3 
815	192 
816	175 
817	261 
818	254 
819	301 
820	186 
821	33 
822	256 
823	38 
824	52 
825	185 
826	54 
827	39 
828	112 
829	273 
830	157 
831	43 
832	207 
833	124 
834	15 
835	305 
836	147 
837	227 
838	72 
839	50 
840	256 
841	17 
842	117 
843	144 
844	33 
845	108 
846	226 
847	165 
848	286 
849	150 
850	260 
851	231 
852	278 
853	169 
854	228 
855	131 
856	44 
857	307 
858	8 
859	93 
860	231 
861	295 
862	5 
863	308 
864	222 
865	267 
866	8 
867	67 
868	121 
869	38 
870	201 
871	231 
872	43 
873	125 
874	146 
875	197 
876	105 
877	209 
878	109 
879	47 
880	284 
881	273 
882	72 
883	17 
884	190 
885	238 
886	6 
887	260 
888	15 
889	72 
890	146 
891	261 
892	262 
893	103 
894	153 
895	142 
896	185 
897	111 
898	286 
899	197 
900	164 
901	24 
902	274 
903	4 
904	207 
905	288 
906	273 
907	59 
908	201 
909	10 
910	160 
911	250 
912	209 
913	219 
914	106 
915	31 
916	184 
917	119 
918	186 
919	60 
920	47 
921	293 
922	30 
923	108 
924	101 
925	26 
926	120 
927	222 
928	245 
929	125 
930	75 
931	52 
932	66 
933	99 
934	37 
935	308 
936	235 
937	111 
938	216 
939	284 
940	152 
941	229 
942	50 
943	23 
944	288 
945	166 
946	52 
947	302 
948	135 
949	278 
950	227 
951	276 
952	84 
953	288 
954	43 
955	210 
956	114 
957	220 
958	299 
959	29 
960	7 
961	287 
962	176 
963	37 
964	273 
965	26 
966	92 
967	156 
968	211 
969	103 
970	134 
971	247 
972	76 
973	86 
974	282 
975	138 
976	141 
977	40 
978	4 
979	61 
980	188 
981	24 
982	103 
983	117 
984	7 
985	65 
986	121 
987	218 
988	174 
989	31 
990	276 
991	32 
992	211 
993	139 
994	109 
995	135 
996	7 
997	16 
998	225 
999	24 
1000	114 
1001	16 
1002	67 
1003	182 
1004	70 
1005	9 
1006	192 
1007	84 
1008	118 
1009	288 
1010	88 
1011	218 
1012	124 
1013	7 
1014	114 
1015	70 
1016	228 
1017	276 
1018	162 
1019	18 
1020	227 
1021	64 
1022	288 
1023	117 
1024	186 
1025	31 
1026	208 
1027	112 
1028	99 
1029	22 
1030	206 
1031	300 
1032	172 
1033	120 
1034	62 
1035	60 
1036	186 
1037	147 
1038	123 
1039	260 
1040	139 
1041	71 
1042	69 
1043	290 
1044	183 
1045	288 
1046	264 
1047	218 
1048	162 
1049	30 
1050	99 
1051	244 
1052	179 
1053	158 
1054	87 
1055	207 
1056	40 
1057	221 
1058	251 
1059	225 
1060	93 
1061	56 
1062	24 
1063	256 
1064	42 
1065	254 
1066	235 
1067	29 
1068	41 
1069	77 
1070	82 
1071	59 
1072	187 
1073	232 
1074	223 
1075	209 
1076	44 
1077	175 
1078	194 
1079	184 
1080	77 
1081	38 
1082	294 
1083	265 
1084	7 
1085	94 
1086	50 
1087	129 
1088	233 
1089	224 
1090	27 
1091	238 
1092	227 
1093	190 
1094	187 
1095	142 
1096	113 
1097	70 
1098	134 
1099	254 
1100	128 
1101	289 
1102	218 
1103	260 
1104	280 
1105	32 
1106	271 
1107	133 
1108	196 
1109	140 
1110	42 
1111	223 
1112	214 
1113	283 
1114	171 
1115	107 
1116	259 
1117	59 
1118	162 
1119	224 
1120	119 
1121	124 
1122	17 
1123	170 
1124	59 
1125	245 
1126	134 
1127	119 
1128	137 
1129	81 
1130	174 
1131	78 
1132	178 
1133	31 
1134	150 
1135	164 
1136	83 
1137	57 
1138	227 
1139	115 
1140	32 
1141	267 
1142	265 
1143	201 
1144	285 
1145	102 
1146	287 
1147	67 
1148	112 
1149	227 
1150	130 
1151	116 
1152	59 
1153	104 
1154	292 
1155	34 
1156	244 
1157	260 
1158	44 
1159	54 
1160	260 
1161	219 
1162	111 
1163	246 
1164	190 
1165	166 
1166	304 
1167	108 
1168	46 
1169	75 
1170	259 
1171	180 
1172	121 
1173	118 
1174	25 
1175	50 
1176	204 
1177	84 
1178	165 
1179	14 
1180	301 
1181	127 
1182	32 
1183	119 
1184	78 
1185	91 
1186	275 
1187	251 
1188	183 
1189	74 
1190	88 
1191	243 
1192	267 
1193	171 
1194	98 
1195	105 
1196	125 
1197	11 
1198	254 
1199	8 
1200	1 
1201	249 
1202	25 
1203	246 
1204	304 
1205	175 
1206	263 
1207	277 
1208	206 
1209	254 
1210	68 
1211	39 
1212	128 
1213	27 
1214	119 
1215	175 
1216	263 
1217	251 
1218	239 
1219	199 
1220	22 
1221	264 
1222	76 
1223	248 
1224	18 
1225	131 
1226	232 
1227	279 
1228	212 
1229	140 
1230	243 
1231	208 
1232	235 
1233	141 
1234	85 
1235	186 
1236	62 
1237	197 
1238	127 
1239	13 
1240	91 
1241	88 
1242	4 
1243	161 
1244	78 
1245	307 
1246	280 
1247	109 
1248	119 
1249	10 
1250	111 
1251	19 
1252	111 
1253	107 
1254	283 
1255	269 
1256	208 
1257	180 
1258	32 
1259	161 
1260	290 
1261	55 
1262	293 
1263	16 
1264	149 
1265	137 
1266	50 
1267	76 
1268	75 
1269	227 
1270	23 
1271	4 
1272	208 
1273	167 
1274	133 
1275	115 
1276	170 
1277	119 
1278	60 
1279	87 
1280	292 
1281	240 
1282	107 
1283	15 
1284	16 
1285	141 
1286	119 
1287	139 
1288	70 
1289	12 
1290	175 
1291	207 
1292	19 
1293	179 
1294	30 
1295	19 
1296	175 
1297	61 
1298	89 
1299	5 
1300	21 
1301	252 
1302	32 
1303	126 
1304	185 
1305	174 
1306	225 
1307	234 
1308	183 
1309	55 
1310	68 
1311	148 
1312	156 
1313	194 
1314	200 
1315	81 
1316	285 
1317	249 
1318	131 
1319	15 
1320	152 
1321	52 
1322	74 
1323	236 
1324	169 
1325	2 
1326	184 
1327	49 
1328	171 
1329	75 
1330	131 
1331	37 
1332	181 
1333	16 
1334	236 
1335	253 
1336	222 
1337	44 
1338	224 
1339	90 
1340	37 
1341	3 
1342	55 
1343	126 
1344	2 
1345	123 
1346	266 
1347	81 
1348	144 
1349	252 
1350	237 
1351	88 
1352	109 
1353	84 
1354	273 
1355	293 
1356	126 
1357	138 
1358	216 
1359	297 
1360	268 
1361	14 
1362	260 
1363	254 
1364	140 
1365	226 
1366	264 
1367	125 
1368	219 
1369	182 
1370	298 
1371	279 
1372	95 
1373	178 
1374	89 
1375	268 
1376	220 
1377	116 
1378	152 
1379	146 
1380	131 
1381	290 
1382	77 
1383	101 
1384	284 
1385	88 
1386	17 
1387	302 
1388	184 
1389	86 
1390	60 
1391	135 
1392	39 
1393	307 
1394	139 
1395	22 
1396	93 
1397	17 
1398	184 
1399	125 
1400	73 
1401	141 
1402	93 
1403	56 
1404	107 
1405	260 
1406	138 
1407	110 
1408	301 
1409	193 
1410	160 
1411	150 
1412	192 
1413	275 
1414	252 
1415	199 
1416	175 
1417	54 
1418	203 
1419	302 
1420	245 
1421	209 
1422	255 
1423	175 
1424	29 
1425	231 
1426	101 
1427	69 
1428	166 
1429	280 
1430	22 
1431	1 
1432	297 
1433	308 
1434	169 
1435	167 
1436	285 
1437	100 
1438	214 
1439	264 
1440	281 
1441	256 
1442	280 
1443	175 
1444	141 
1445	219 
1446	257 
1447	113 
1448	298 
1449	103 
1450	72 
1451	129 
1452	87 
1453	67 
1454	221 
1455	125 
1456	146 
1457	225 
1458	277 
1459	58 
1460	225 
1461	6 
1462	174 
1463	216 
1464	190 
1465	71 
1466	245 
1467	251 
1468	183 
1469	96 
1470	89 
1471	308 
1472	112 
1473	166 
1474	231 
1475	32 
1476	54 
1477	26 
1478	207 
1479	89 
1480	141 
1481	239 
1482	288 
1483	16 
1484	105 
1485	5 
1486	32 
1487	279 
1488	3 
1489	9 
1490	218 
1491	210 
1492	128 
1493	167 
1494	260 
1495	132 
1496	22 
1497	212 
1498	83 
1499	226 
1500	227 
1501	110 
1502	97 
1503	244 
1504	104 
1505	75 
1506	270 
1507	127 
1508	249 
1509	83 
1510	56 
1511	41 
1512	186 
1513	171 
1514	65 
1515	141 
1516	220 
1517	275 
1518	203 
1519	184 
1520	198 
1521	215 
1522	114 
1523	271 
1524	162 
1525	293 
1526	238 
1527	22 
1528	207 
1529	60 
1530	140 
1531	83 
1532	209 
1533	289 
1534	113 
1535	138 
1536	257 
1537	111 
1538	117 
1539	196 
1540	54 
1541	229 
1542	136 
1543	14 
1544	58 
1545	114 
1546	255 
1547	56 
1548	83 
1549	37 
1550	282 
1551	33 
1552	89 
1553	173 
1554	105 
1555	43 
1556	235 
1557	153 
1558	108 
1559	297 
1560	256 
1561	110 
1562	127 
1563	84 
1564	2 
1565	174 
1566	94 
1567	279 
1568	91 
1569	273 
1570	35 
1571	251 
1572	30 
1573	157 
1574	227 
1575	31 
1576	56 
1577	51 
1578	5 
1579	250 
1580	82 
1581	282 
1582	295 
1583	150 
1584	13 
1585	171 
1586	271 
1587	112 
1588	163 
1589	95 
1590	144 
1591	150 
1592	275 
1593	162 
1594	226 
1595	37 
1596	13 
1597	119 
1598	161 
1599	202 
1600	157 
1601	219 
1602	8 
1603	247 
1604	144 
1605	185 
1606	165 
1607	307 
1608	154 
1609	50 
1610	101 
1611	245 
1612	164 
1613	254 
1614	117 
1615	146 
1616	81 
1617	146 
1618	203 
1619	104 
1620	219 
1621	134 
1622	67 
1623	284 
1624	131 
1625	288 
1626	101 
1627	74 
1628	110 
1629	127 
1630	168 
1631	128 
1632	119 
1633	237 
1634	51 
1635	14 
1636	268 
1637	235 
1638	97 
1639	160 
1640	103 
1641	58 
1642	175 
1643	69 
1644	284 
1645	249 
1646	31 
1647	258 
1648	284 
1649	118 
1650	207 
1651	163 
1652	279 
1653	82 
1654	57 
1655	60 
1656	212 
1657	28 
1658	45 
1659	155 
1660	105 
1661	134 
1662	25 
1663	127 
1664	216 
1665	155 
1666	197 
1667	217 
1668	53 
1669	186 
1670	189 
1671	257 
1672	182 
1673	122 
1674	266 
1675	22 
1676	173 
1677	59 
1678	95 
1679	153 
1680	280 
1681	109 
1682	41 
1683	146 
1684	262 
1685	232 
1686	7 
1687	99 
1688	276 
1689	134 
1690	299 
1691	140 
1692	202 
1693	1 
1694	284 
1695	18 
1696	6 
1697	284 
1698	166 
1699	128 
1700	283 
1701	215 
1702	140 
1703	144 
1704	166 
1705	294 
1706	195 
1707	39 
1708	144 
1709	219 
1710	269 
1711	125 
1712	32 
1713	46 
1714	17 
1715	59 
1716	37 
1717	272 
1718	159 
1719	298 
1720	49 
1721	177 
1722	152 
1723	89 
1724	169 
1725	166 
1726	109 
1727	83 
1728	259 
1729	281 
1730	250 
1731	69 
1732	100 
1733	146 
1734	120 
1735	27 
1736	56 
1737	91 
1738	189 
1739	241 
1740	100 
1741	127 
1742	103 
1743	287 
1744	190 
1745	232 
1746	209 
1747	192 
1748	92 
1749	176 
1750	86 
1751	50 
1752	294 
1753	45 
1754	249 
1755	292 
1756	282 
1757	38 
1758	109 
1759	268 
1760	297 
1761	56 
1762	80 
1763	73 
1764	188 
1765	4 
1766	124 
1767	294 
1768	2 
1769	112 
1770	132 
1771	269 
1772	307 
1773	239 
1774	90 
1775	160 
1776	245 
1777	263 
1778	45 
1779	107 
1780	36 
1781	287 
1782	301 
1783	78 
1784	46 
1785	114 
1786	96 
1787	261 
1788	122 
1789	274 
1790	188 
1791	232 
1792	176 
1793	235 
1794	32 
1795	188 
1796	203 
1797	87 
1798	4 
1799	38 
1800	235 
1801	27 
1802	117 
1803	190 
1804	272 
1805	114 
1806	187 
1807	85 
1808	42 
1809	163 
1810	235 
1811	113 
1812	185 
1813	106 
1814	57 
1815	56 
1816	162 
1817	245 
1818	110 
1819	281 
1820	221 
1821	221 
1822	154 
1823	279 
1824	127 
1825	18 
1826	283 
1827	276 
1828	208 
1829	100 
1830	186 
1831	142 
1832	184 
1833	294 
1834	143 
1835	181 
1836	239 
1837	33 
1838	182 
1839	279 
1840	156 
1841	13 
1842	293 
1843	161 
1844	87 
1845	37 
1846	132 
1847	232 
1848	172 
1849	260 
1850	156 
1851	233 
1852	2 
1853	273 
1854	214 
1855	156 
1856	244 
1857	262 
1858	5 
1859	137 
1860	9 
1861	163 
1862	261 
1863	2 
1864	66 
1865	110 
1866	6 
1867	245 
1868	291 
1869	46 
1870	269 
1871	153 
1872	119 
1873	302 
1874	61 
1875	258 
1876	163 
1877	211 
1878	39 
1879	216 
1880	27 
1881	218 
1882	291 
1883	258 
1884	258 
1885	95 
1886	197 
1887	52 
1888	294 
1889	183 
1890	7 
1891	38 
1892	137 
1893	20 
1894	197 
1895	297 
1896	28 
1897	231 
1898	78 
1899	131 
1900	148 
1901	248 
1902	46 
1903	34 
1904	75 
1905	77 
1906	142 
1907	7 
1908	27 
1909	198 
1910	250 
1911	142 
1912	282 
1913	251 
1914	57 
1915	218 
1916	57 
1917	141 
1918	207 
1919	174 
1920	183 
1921	145 
1922	212 
1923	276 
1924	36 
1925	87 
1926	32 
1927	136 
1928	58 
1929	56 
1930	40 
1931	189 
1932	215 
1933	156 
1934	285 
1935	238 
1936	292 
1937	192 
1938	28 
1939	76 
1940	274 
1941	181 
1942	217 
1943	102 
1944	218 
1945	154 
1946	66 
1947	41 
1948	233 
1949	171 
1950	230 
1951	117 
1952	93 
1953	71 
1954	224 
1955	34 
1956	203 
1957	173 
1958	295 
1959	83 
1960	265 
1961	124 
1962	240 
1963	96 
1964	7 
1965	61 
1966	189 
1967	232 
1968	242 
1969	298 
1970	20 
1971	129 
1972	292 
1973	38 
1974	108 
1975	283 
1976	306 
1977	305 
1978	285 
1979	41 
1980	308 
1981	92 
1982	224 
1983	119 
1984	193 
1985	185 
1986	47 
1987	16 
1988	47 
1989	107 
1990	138 
1991	262 
1992	54 
1993	118 
1994	64 
1995	255 
1996	273 
1997	53 
1998	87 
1999	87 
2000	209 
2001	288 
2002	63 
2003	250 
2004	204 
2005	50 
2006	212 
2007	209 
2008	151 
2009	68 
2010	261 
2011	67 
2012	17 
2013	97 
2014	92 
2015	93 
2016	235 
2017	113 
2018	138 
2019	157 
2020	52 
2021	224 
2022	93 
2023	27 
2024	188 
2025	100 
2026	133 
2027	69 
2028	26 
2029	158 
2030	218 
2031	177 
2032	255 
2033	9 
2034	244 
2035	261 
2036	6 
2037	200 
2038	105 
2039	20 
2040	234 
2041	150 
2042	67 
2043	80 
2044	122 
2045	245 
2046	85 
2047	284 
2048	86 
2049	119 
2050	246 
2051	96 
2052	193 
2053	249 
2054	308 
2055	23 
2056	277 
2057	90 
2058	61 
2059	236 
2060	163 
2061	232 
2062	277 
2063	208 
2064	128 
2065	95 
2066	121 
2067	24 
2068	59 
2069	114 
2070	43 
2071	158 
2072	166 
2073	287 
2074	268 
2075	299 
2076	254 
2077	220 
2078	81 
2079	205 
2080	291 
2081	275 
2082	170 
2083	10 
2084	36 
2085	35 
2086	114 
2087	302 
2088	136 
2089	227 
2090	29 
2091	170 
2092	48 
2093	159 
2094	83 
2095	112 
2096	79 
2097	275 
2098	278 
2099	22 
2100	7 
2101	304 
2102	182 
2103	195 
2104	74 
2105	101 
2106	187 
2107	295 
2108	100 
2109	211 
2110	39 
2111	112 
2112	61 
2113	308 
2114	305 
2115	132 
2116	146 
2117	297 
2118	255 
2119	28 
2120	249 
2121	291 
2122	154 
2123	204 
2124	281 
2125	199 
2126	108 
2127	134 
2128	219 
2129	5 
2130	269 
2131	275 
2132	242 
2133	85 
2134	256 
2135	70 
2136	207 
2137	22 
2138	170 
2139	52 
2140	152 
2141	277 
2142	86 
2143	35 
2144	182 
2145	112 
2146	149 
2147	308 
2148	240 
2149	301 
2150	213 
2151	80 
2152	246 
2153	216 
2154	173 
2155	22 
2156	151 
2157	86 
2158	200 
2159	282 
2160	80 
2161	71 
2162	83 
2163	69 
2164	28 
2165	56 
2166	283 
2167	220 
2168	254 
2169	245 
2170	8 
2171	177 
2172	304 
2173	248 
2174	76 
2175	218 
2176	122 
2177	98 
2178	147 
2179	175 
2180	211 
2181	45 
2182	113 
2183	88 
2184	303 
2185	64 
2186	175 
2187	295 
2188	104 
2189	134 
2190	174 
2191	159 
2192	159 
2193	50 
2194	302 
2195	57 
2196	214 
2197	57 
2198	133 
2199	97 
2200	109 
2201	47 
2202	291 
2203	243 
2204	181 
2205	221 
2206	204 
2207	51 
2208	235 
2209	162 
2210	5 
2211	228 
2212	51 
2213	131 
2214	237 
2215	181 
2216	187 
2217	271 
2218	270 
2219	293 
2220	118 
2221	79 
2222	105 
2223	25 
2224	249 
2225	285 
2226	192 
2227	108 
2228	21 
2229	39 
2230	112 
2231	116 
2232	163 
2233	225 
2234	285 
2235	73 
2236	293 
2237	36 
2238	95 
2239	211 
2240	281 
2241	236 
2242	124 
2243	258 
2244	285 
2245	40 
2246	293 
2247	39 
2248	46 
2249	214 
2250	295 
2251	47 
2252	68 
2253	217 
2254	59 
2255	307 
2256	207 
2257	178 
2258	232 
2259	140 
2260	233 
2261	226 
2262	228 
2263	198 
2264	114 
2265	162 
2266	258 
2267	33 
2268	207 
2269	298 
2270	2 
2271	213 
2272	135 
2273	63 
2274	138 
2275	169 
2276	49 
2277	266 
2278	196 
2279	138 
2280	250 
2281	243 
2282	218 
2283	160 
2284	195 
2285	267 
2286	172 
2287	91 
2288	260 
2289	299 
2290	174 
2291	134 
2292	299 
2293	123 
2294	18 
2295	291 
2296	301 
2297	279 
2298	114 
2299	182 
2300	118 
2301	192 
2302	118 
2303	89 
2304	133 
2305	146 
2306	97 
2307	202 
2308	267 
2309	150 
2310	143 
2311	35 
2312	25 
2313	301 
2314	300 
2315	13 
2316	208 
2317	163 
2318	193 
2319	34 
2320	104 
2321	250 
2322	110 
2323	96 
2324	10 
2325	45 
2326	66 
2327	207 
2328	135 
2329	206 
2330	127 
2331	200 
2332	128 
2333	300 
2334	206 
2335	267 
2336	71 
2337	125 
2338	32 
2339	114 
2340	138 
2341	115 
2342	123 
2343	192 
2344	71 
2345	271 
2346	74 
2347	243 
2348	246 
2349	305 
2350	77 
2351	57 
2352	276 
2353	47 
2354	303 
2355	143 
2356	290 
2357	28 
2358	235 
2359	89 
2360	280 
2361	45 
2362	281 
2363	115 
2364	174 
2365	179 
2366	199 
2367	292 
2368	157 
2369	215 
2370	201 
2371	307 
2372	289 
2373	210 
2374	196 
2375	174 
2376	254 
2377	303 
2378	281 
2379	251 
2380	226 
2381	54 
2382	18 
2383	39 
2384	280 
2385	294 
2386	188 
2387	117 
2388	143 
2389	240 
2390	234 
2391	203 
2392	84 
2393	289 
2394	63 
2395	147 
2396	100 
2397	231 
2398	166 
2399	161 
2400	299 
2401	221 
2402	55 
2403	285 
2404	87 
2405	42 
2406	110 
2407	293 
2408	15 
2409	91 
2410	160 
2411	119 
2412	229 
2413	74 
2414	3 
2415	107 
2416	162 
2417	160 
2418	48 
2419	177 
2420	290 
2421	46 
2422	51 
2423	188 
2424	279 
2425	32 
2426	219 
2427	166 
2428	238 
2429	203 
2430	83 
2431	44 
2432	299 
2433	259 
2434	10 
2435	145 
2436	290 
2437	114 
2438	235 
2439	271 
2440	216 
2441	269 
2442	188 
2443	265 
2444	196 
2445	107 
2446	116 
2447	71 
2448	301 
2449	236 
2450	251 
2451	137 
2452	13 
2453	75 
2454	257 
2455	28 
2456	97 
2457	306 
2458	117 
2459	134 
2460	156 
2461	103 
2462	19 
2463	184 
2464	194 
2465	295 
2466	259 
2467	220 
2468	273 
2469	188 
2470	60 
2471	261 
2472	143 
2473	121 
2474	253 
2475	290 
2476	166 
2477	3 
2478	184 
2479	88 
2480	52 
2481	58 
2482	69 
2483	2 
2484	72 
2485	241 
2486	61 
2487	150 
2488	96 
2489	16 
2490	299 
2491	276 
2492	207 
2493	52 
2494	33 
2495	159 
2496	81 
2497	231 
2498	284 
2499	121 
2500	279 
2501	84 
2502	85 
2503	130 
2504	126 
2505	23 
2506	138 
2507	129 
2508	152 
2509	262 
2510	121 
2511	84 
2512	51 
2513	45 
2514	167 
2515	6 
2516	188 
2517	292 
2518	218 
2519	290 
2520	42 
2521	56 
2522	300 
2523	64 
2524	44 
2525	195 
2526	211 
2527	298 
2528	44 
2529	270 
2530	270 
2531	64 
2532	6 
2533	115 
2534	144 
2535	1 
2536	292 
2537	269 
2538	91 
2539	46 
2540	258 
2541	186 
2542	130 
2543	264 
2544	306 
2545	60 
2546	202 
2547	188 
2548	107 
2549	128 
2550	129 
2551	108 
2552	284 
2553	18 
2554	274 
2555	281 
2556	33 
2557	167 
2558	67 
2559	112 
2560	163 
2561	161 
2562	300 
2563	26 
2564	56 
2565	107 
2566	213 
2567	25 
2568	189 
2569	250 
2570	108 
2571	205 
2572	25 
2573	39 
2574	233 
2575	262 
2576	67 
2577	37 
2578	195 
2579	76 
2580	50 
2581	248 
2582	51 
2583	192 
2584	166 
2585	96 
2586	222 
2587	148 
2588	217 
2589	197 
2590	7 
2591	73 
2592	197 
2593	249 
2594	18 
2595	208 
2596	273 
2597	52 
2598	231 
2599	87 
2600	161 
2601	187 
2602	201 
2603	137 
2604	73 
2605	34 
2606	192 
2607	256 
2608	114 
2609	88 
2610	213 
2611	108 
2612	272 
2613	102 
2614	9 
2615	99 
2616	302 
2617	16 
2618	7 
2619	63 
2620	247 
2621	143 
2622	240 
2623	293 
2624	1 
2625	290 
2626	68 
2627	198 
2628	41 
2629	307 
2630	308 
2631	293 
2632	158 
2633	89 
2634	173 
2635	179 
2636	177 
2637	73 
2638	217 
2639	278 
2640	276 
2641	183 
2642	49 
2643	135 
2644	22 
2645	115 
2646	95 
2647	269 
2648	298 
2649	175 
2650	198 
2651	297 
2652	190 
2653	117 
2654	291 
2655	226 
2656	190 
2657	300 
2658	188 
2659	50 
2660	46 
2661	27 
2662	147 
2663	199 
2664	153 
2665	158 
2666	112 
2667	25 
2668	220 
2669	78 
2670	124 
2671	249 
2672	282 
2673	270 
2674	184 
2675	218 
2676	115 
2677	237 
2678	272 
2679	215 
2680	143 
2681	228 
2682	140 
2683	274 
2684	254 
2685	15 
2686	203 
2687	128 
2688	74 
2689	243 
2690	302 
2691	93 
2692	214 
2693	284 
2694	163 
2695	288 
2696	249 
2697	124 
2698	78 
2699	272 
2700	224 
2701	67 
2702	120 
2703	104 
2704	156 
2705	77 
2706	43 
2707	18 
2708	215 
2709	294 
2710	5 
2711	298 
2712	4 
2713	108 
2714	112 
2715	200 
2716	193 
2717	190 
2718	208 
2719	57 
2720	254 
2721	79 
2722	29 
2723	40 
2724	84 
2725	86 
2726	98 
2727	221 
2728	178 
2729	125 
2730	6 
2731	84 
2732	143 
2733	77 
2734	137 
2735	176 
2736	307 
2737	134 
2738	261 
2739	42 
2740	243 
2741	26 
2742	132 
2743	5 
2744	244 
2745	144 
2746	121 
2747	234 
2748	31 
2749	302 
2750	87 
2751	129 
2752	162 
2753	182 
2754	156 
2755	139 
2756	89 
2757	178 
2758	186 
2759	9 
2760	265 
2761	95 
2762	171 
2763	104 
2764	15 
2765	140 
2766	278 
2767	53 
2768	301 
2769	58 
2770	201 
2771	252 
2772	255 
2773	186 
2774	239 
2775	226 
2776	217 
2777	278 
2778	153 
2779	225 
2780	183 
2781	296 
2782	18 
2783	118 
2784	226 
2785	232 
2786	275 
2787	226 
2788	132 
2789	225 
2790	268 
2791	48 
2792	16 
2793	85 
2794	72 
2795	258 
2796	140 
2797	171 
2798	198 
2799	163 
2800	241 
2801	47 
2802	176 
2803	272 
2804	224 
2805	76 
2806	84 
2807	174 
2808	221 
2809	204 
2810	31 
2811	248 
2812	17 
2813	285 
2814	59 
2815	276 
2816	6 
2817	204 
2818	224 
2819	175 
2820	283 
2821	174 
2822	21 
2823	38 
2824	132 
2825	208 
2826	190 
2827	194 
2828	58 
2829	78 
2830	231 
2831	127 
2832	134 
2833	44 
2834	237 
2835	146 
2836	38 
2837	70 
2838	223 
2839	226 
2840	56 
2841	281 
2842	282 
2843	5 
2844	104 
2845	302 
2846	70 
2847	240 
2848	244 
2849	307 
2850	20 
2851	231 
2852	247 
2853	120 
2854	16 
2855	91 
2856	133 
2857	151 
2858	33 
2859	65 
2860	82 
2861	139 
2862	9 
2863	169 
2864	48 
2865	276 
2866	143 
2867	203 
2868	47 
2869	218 
2870	150 
2871	99 
2872	18 
2873	9 
2874	290 
2875	237 
2876	115 
2877	216 
2878	20 
2879	197 
2880	17 
2881	290 
2882	12 
2883	100 
2884	60 
2885	263 
2886	128 
2887	20 
2888	248 
2889	108 
2890	27 
2891	57 
2892	297 
2893	218 
2894	166 
2895	223 
2896	52 
2897	253 
2898	15 
2899	114 
2900	24 
2901	178 
2902	261 
2903	44 
2904	219 
2905	5 
2906	7 
2907	208 
2908	4 
2909	290 
2910	52 
2911	16 
2912	196 
2913	52 
2914	47 
2915	191 
2916	163 
2917	188 
2918	249 
2919	132 
2920	205 
2921	110 
2922	216 
2923	26 
2924	173 
2925	192 
2926	189 
2927	165 
2928	16 
2929	197 
2930	267 
2931	121 
2932	169 
2933	46 
2934	182 
2935	306 
2936	153 
2937	56 
2938	205 
2939	94 
2940	163 
2941	221 
2942	107 
2943	293 
2944	286 
2945	238 
2946	95 
2947	148 
2948	154 
2949	11 
2950	170 
2951	191 
2952	90 
2953	79 
2954	128 
2955	127 
2956	1 
2957	242 
2958	211 
2959	249 
2960	122 
2961	87 
2962	144 
2963	120 
2964	128 
2965	66 
2966	162 
2967	163 
2968	242 
2969	74 
2970	282 
2971	18 
2972	195 
2973	270 
2974	103 
2975	234 
2976	294 
2977	189 
2978	150 
2979	250 
2980	88 
2981	232 
2982	3 
2983	21 
2984	183 
2985	51 
2986	238 
2987	281 
2988	38 
2989	173 
2990	196 
2991	114 
2992	258 
2993	39 
2994	115 
2995	216 
2996	226 
2997	46 
2998	94 
2999	25 
3000	55 
3001	191 
3002	289 
3003	92 
3004	308 
3005	238 
3006	4 
3007	166 
3008	4 
3009	210 
3010	279 
3011	84 
3012	269 
3013	126 
3014	147 
3015	242 
3016	21 
3017	69 
3018	20 
3019	150 
3020	150 
3021	147 
3022	66 
3023	43 
3024	35 
3025	52 
3026	100 
3027	86 
3028	136 
3029	239 
3030	187 
3031	19 
3032	251 
3033	171 
3034	142 
3035	34 
3036	205 
3037	153 
3038	263 
3039	187 
3040	58 
3041	12 
3042	199 
3043	186 
3044	288 
3045	46 
3046	29 
3047	128 
3048	241 
3049	123 
3050	202 
3051	297 
3052	179 
3053	100 
3054	64 
3055	39 
3056	232 
3057	131 
3058	85 
3059	160 
3060	155 
3061	144 
3062	8 
3063	258 
3064	128 
3065	71 
3066	159 
3067	289 
3068	224 
3069	119 
3070	32 
3071	128 
3072	108 
3073	187 
3074	37 
3075	273 
3076	288 
3077	303 
3078	209 
3079	113 
3080	228 
3081	181 
3082	273 
3083	206 
3084	127 
3085	90 
3086	224 
3087	57 
3088	66 
3089	102 
3090	56 
3091	208 
3092	241 
3093	56 
3094	73 
3095	78 
3096	133 
3097	50 
3098	171 
3099	296 
3100	209 
3101	57 
3102	176 
3103	91 
3104	19 
3105	169 
3106	107 
3107	168 
3108	141 
3109	285 
3110	217 
3111	204 
3112	55 
3113	146 
3114	302 
3115	175 
3116	188 
3117	30 
3118	85 
3119	127 
3120	222 
3121	218 
3122	241 
3123	167 
3124	14 
3125	82 
3126	256 
3127	216 
3128	153 
3129	26 
3130	69 
3131	102 
3132	113 
3133	189 
3134	160 
3135	305 
3136	122 
3137	145 
3138	78 
3139	160 
3140	66 
3141	188 
3142	295 
3143	267 
3144	284 
3145	163 
3146	174 
3147	199 
3148	236 
3149	81 
3150	66 
3151	285 
3152	118 
3153	154 
3154	103 
3155	261 
3156	144 
3157	216 
3158	184 
3159	203 
3160	274 
3161	181 
3162	8 
3163	172 
3164	20 
3165	130 
3166	307 
3167	189 
3168	141 
3169	81 
3170	185 
3171	6 
3172	102 
3173	51 
3174	255 
3175	65 
3176	16 
3177	214 
3178	7 
3179	181 
3180	184 
3181	294 
3182	166 
3183	150 
3184	100 
3185	25 
3186	80 
3187	18 
3188	270 
3189	177 
3190	185 
3191	27 
3192	18 
3193	279 
3194	228 
3195	72 
3196	70 
3197	185 
3198	154 
3199	131 
3200	9 
3201	195 
3202	226 
3203	222 
3204	226 
3205	236 
3206	79 
3207	261 
3208	217 
3209	134 
3210	153 
3211	106 
3212	142 
3213	121 
3214	76 
3215	178 
3216	302 
3217	140 
3218	239 
3219	19 
3220	254 
3221	103 
3222	306 
3223	184 
3224	153 
3225	184 
3226	68 
3227	138 
3228	43 
3229	121 
3230	37 
3231	169 
3232	75 
3233	253 
3234	268 
3235	94 
3236	128 
3237	219 
3238	197 
3239	7 
3240	243 
3241	274 
3242	240 
3243	173 
3244	167 
3245	211 
3246	242 
3247	198 
3248	245 
3249	101 
3250	255 
3251	12 
3252	4 
3253	214 
3254	100 
3255	104 
3256	288 
3257	213 
3258	60 
3259	125 
3260	8 
3261	229 
3262	77 
3263	286 
3264	6 
3265	164 
3266	112 
3267	131 
3268	186 
3269	229 
3270	221 
3271	18 
3272	290 
3273	147 
3274	22 
3275	281 
3276	121 
3277	149 
3278	89 
3279	126 
3280	236 
3281	28 
3282	275 
3283	141 
3284	175 
3285	276 
3286	35 
3287	55 
3288	47 
3289	148 
3290	9 
3291	220 
3292	139 
3293	264 
3294	123 
3295	77 
3296	308 
3297	36 
3298	97 
3299	34 
3300	282 
3301	285 
3302	166 
3303	175 
3304	244 
3305	266 
3306	243 
3307	90 
3308	235 
3309	202 
3310	42 
3311	168 
3312	279 
3313	306 
3314	193 
3315	135 
3316	99 
3317	217 
3318	93 
3319	305 
3320	20 
3321	47 
3322	49 
3323	120 
3324	199 
3325	252 
3326	301 
3327	145 
3328	285 
3329	65 
3330	25 
3331	41 
3332	6 
3333	291 
3334	18 
3335	243 
3336	236 
3337	267 
3338	17 
3339	284 
3340	101 
3341	191 
3342	5 
3343	242 
3344	57 
3345	134 
3346	205 
3347	84 
3348	89 
3349	64 
3350	299 
3351	303 
3352	253 
3353	119 
3354	194 
3355	142 
3356	142 
3357	224 
3358	175 
3359	177 
3360	113 
3361	154 
3362	48 
3363	297 
3364	16 
3365	257 
3366	139 
3367	192 
3368	298 
3369	142 
3370	305 
3371	297 
3372	137 
3373	163 
3374	88 
3375	67 
3376	263 
3377	41 
3378	46 
3379	180 
3380	183 
3381	120 
3382	45 
3383	152 
3384	110 
3385	150 
3386	211 
3387	270 
3388	106 
3389	263 
3390	235 
3391	278 
3392	56 
3393	113 
3394	57 
3395	156 
3396	134 
3397	93 
3398	105 
3399	218 
3400	174 
3401	116 
3402	181 
3403	69 
3404	231 
3405	3 
3406	173 
3407	206 
3408	14 
3409	33 
3410	62 
3411	187 
3412	11 
3413	179 
3414	142 
3415	246 
3416	111 
3417	180 
3418	226 
3419	160 
3420	241 
3421	232 
3422	184 
3423	293 
3424	51 
3425	98 
3426	278 
3427	249 
3428	69 
3429	221 
3430	244 
3431	83 
3432	124 
3433	297 
3434	114 
3435	60 
3436	77 
3437	70 
3438	282 
3439	128 
3440	25 
3441	88 
3442	247 
3443	116 
3444	244 
3445	209 
3446	153 
3447	214 
3448	212 
3449	305 
3450	79 
3451	44 
3452	184 
3453	193 
3454	223 
3455	274 
3456	234 
3457	91 
3458	39 
3459	35 
3460	209 
3461	5 
3462	174 
3463	25 
3464	214 
3465	44 
3466	124 
3467	138 
3468	148 
3469	27 
3470	200 
3471	121 
3472	307 
3473	127 
3474	216 
3475	60 
3476	137 
3477	249 
3478	79 
3479	203 
3480	264 
3481	270 
3482	25 
3483	158 
3484	18 
3485	104 
3486	303 
3487	27 
3488	112 
3489	221 
3490	21 
3491	195 
3492	249 
3493	292 
3494	145 
3495	153 
3496	150 
3497	211 
3498	45 
3499	257 
3500	7 
3501	15 
3502	294 
3503	35 
3504	59 
3505	285 
3506	186 
3507	41 
3508	14 
3509	185 
3510	179 
3511	173 
3512	244 
3513	87 
3514	289 
3515	134 
3516	133 
3517	49 
3518	160 
3519	156 
3520	144 
3521	228 
3522	34 
3523	7 
3524	262 
3525	39 
3526	108 
3527	157 
3528	200 
3529	132 
3530	260 
3531	308 
3532	16 
3533	152 
3534	135 
3535	163 
3536	119 
3537	159 
3538	111 
3539	241 
3540	247 
3541	180 
3542	115 
3543	122 
3544	292 
3545	102 
3546	255 
3547	70 
3548	159 
3549	73 
3550	120 
3551	17 
3552	18 
3553	221 
3554	195 
3555	29 
3556	295 
3557	127 
3558	296 
3559	110 
3560	162 
3561	106 
3562	257 
3563	223 
3564	61 
3565	100 
3566	137 
3567	300 
3568	223 
3569	48 
3570	243 
3571	305 
3572	279 
3573	67 
3574	213 
3575	86 
3576	273 
3577	151 
3578	103 
3579	34 
3580	189 
3581	240 
3582	153 
3583	151 
3584	178 
3585	211 
3586	43 
3587	212 
3588	145 
3589	9 
3590	282 
3591	13 
3592	226 
3593	283 
3594	46 
3595	221 
3596	181 
3597	3 
3598	284 
3599	119 
3600	276 
3601	186 
3602	154 
3603	288 
3604	5 
3605	215 
3606	251 
3607	208 
3608	286 
3609	137 
3610	165 
3611	282 
3612	106 
3613	3 
3614	158 
3615	204 
3616	200 
3617	220 
3618	208 
3619	193 
3620	223 
3621	87 
3622	1 
3623	295 
3624	53 
3625	20 
3626	36 
3627	198 
3628	304 
3629	32 
3630	301 
3631	238 
3632	145 
3633	68 
3634	292 
3635	104 
3636	234 
3637	171 
3638	301 
3639	177 
3640	192 
3641	154 
3642	24 
3643	68 
3644	36 
3645	105 
3646	253 
3647	249 
3648	71 
3649	225 
3650	50 
3651	19 
3652	270 
3653	241 
3654	94 
3655	15 
3656	171 
3657	285 
3658	248 
3659	289 
3660	101 
3661	196 
3662	39 
3663	277 
3664	88 
3665	303 
3666	153 
3667	85 
3668	83 
3669	5 
3670	64 
3671	249 
3672	224 
3673	181 
3674	224 
3675	157 
3676	6 
3677	122 
3678	280 
3679	94 
3680	73 
3681	95 
3682	84 
3683	196 
3684	24 
3685	273 
3686	304 
3687	7 
3688	91 
3689	196 
3690	185 
3691	183 
3692	124 
3693	235 
3694	262 
3695	40 
3696	50 
3697	242 
3698	274 
3699	37 
3700	26 
3701	80 
3702	156 
3703	197 
3704	204 
3705	268 
3706	229 
3707	168 
3708	268 
3709	89 
3710	102 
3711	305 
3712	109 
3713	263 
3714	229 
3715	205 
3716	180 
3717	266 
3718	33 
3719	163 
3720	107 
3721	32 
3722	218 
3723	277 
3724	73 
3725	259 
3726	238 
3727	102 
3728	19 
3729	75 
3730	25 
3731	209 
3732	262 
3733	289 
3734	18 
3735	213 
3736	67 
3737	117 
3738	87 
3739	108 
3740	86 
3741	58 
3742	252 
3743	192 
3744	221 
3745	74 
3746	182 
3747	224 
3748	52 
3749	307 
3750	138 
3751	21 
3752	218 
3753	163 
3754	43 
3755	182 
3756	134 
3757	60 
3758	56 
3759	197 
3760	7 
3761	215 
3762	284 
3763	232 
3764	59 
3765	40 
3766	73 
3767	158 
3768	51 
3769	167 
3770	271 
3771	252 
3772	32 
3773	170 
3774	43 
3775	256 
3776	13 
3777	104 
3778	289 
3779	16 
3780	240 
3781	25 
3782	18 
3783	214 
3784	84 
3785	43 
3786	70 
3787	80 
3788	105 
3789	117 
3790	174 
3791	244 
3792	118 
3793	76 
3794	245 
3795	197 
3796	46 
3797	100 
3798	292 
3799	263 
3800	57 
3801	273 
3802	219 
3803	87 
3804	111 
3805	241 
3806	213 
3807	255 
3808	243 
3809	109 
3810	280 
3811	37 
3812	237 
3813	65 
3814	205 
3815	295 
3816	297 
3817	183 
3818	249 
3819	148 
3820	111 
3821	183 
3822	111 
3823	283 
3824	87 
3825	27 
3826	160 
3827	301 
3828	307 
3829	30 
3830	267 
3831	128 
3832	248 
3833	27 
3834	73 
3835	206 
3836	272 
3837	138 
3838	176 
3839	62 
3840	6 
3841	23 
3842	139 
3843	268 
3844	84 
3845	160 
3846	247 
3847	109 
3848	114 
3849	79 
3850	251 
3851	122 
3852	111 
3853	117 
3854	80 
3855	142 
3856	81 
3857	2 
3858	10 
3859	69 
3860	27 
3861	33 
3862	7 
3863	128 
3864	158 
3865	52 
3866	248 
3867	285 
3868	63 
3869	159 
3870	272 
3871	209 
3872	154 
3873	189 
3874	13 
3875	42 
3876	300 
3877	189 
3878	87 
3879	269 
3880	117 
3881	281 
3882	65 
3883	249 
3884	105 
3885	148 
3886	111 
3887	215 
3888	172 
3889	161 
3890	6 
3891	240 
3892	298 
3893	201 
3894	107 
3895	73 
3896	243 
3897	18 
3898	97 
3899	82 
3900	39 
3901	96 
3902	69 
3903	217 
3904	231 
3905	61 
3906	87 
3907	243 
3908	221 
3909	197 
3910	208 
3911	238 
3912	126 
3913	15 
3914	158 
3915	276 
3916	110 
3917	245 
3918	25 
3919	66 
3920	248 
3921	215 
3922	229 
3923	34 
3924	75 
3925	119 
3926	9 
3927	222 
3928	288 
3929	204 
3930	161 
3931	218 
3932	183 
3933	18 
3934	191 
3935	75 
3936	108 
3937	250 
3938	230 
3939	256 
3940	110 
3941	235 
3942	21 
3943	3 
3944	153 
3945	66 
3946	166 
3947	226 
3948	52 
3949	231 
3950	73 
3951	248 
3952	188 
3953	190 
3954	220 
3955	207 
3956	148 
3957	297 
3958	182 
3959	223 
3960	243 
3961	6 
3962	108 
3963	39 
3964	217 
3965	64 
3966	174 
3967	142 
3968	19 
3969	207 
3970	52 
3971	308 
3972	136 
3973	49 
3974	301 
3975	107 
3976	244 
3977	115 
3978	105 
3979	87 
3980	27 
3981	11 
3982	255 
3983	196 
3984	129 
3985	267 
3986	234 
3987	153 
3988	196 
3989	180 
3990	21 
3991	4 
3992	58 
3993	298 
3994	301 
3995	60 
3996	96 
3997	2 
3998	95 
3999	155 
4000	286 
4001	200 
4002	59 
4003	266 
4004	227 
4005	100 
4006	200 
4007	82 
4008	13 
4009	287 
4010	8 
4011	229 
4012	243 
4013	121 
4014	270 
4015	140 
4016	87 
4017	197 
4018	243 
4019	107 
4020	257 
4021	260 
4022	196 
4023	224 
4024	244 
4025	65 
4026	215 
4027	32 
4028	42 
4029	99 
4030	257 
4031	174 
4032	172 
4033	114 
4034	48 
4035	193 
4036	299 
4037	205 
4038	185 
4039	285 
4040	175 
4041	174 
4042	210 
4043	223 
4044	29 
4045	247 
4046	177 
4047	231 
4048	10 
4049	60 
4050	3 
4051	270 
4052	164 
4053	254 
4054	151 
4055	236 
4056	30 
4057	52 
4058	37 
4059	104 
4060	119 
4061	127 
4062	95 
4063	168 
4064	231 
4065	21 
4066	149 
4067	39 
4068	275 
4069	130 
4070	57 
4071	30 
4072	36 
4073	70 
4074	287 
4075	77 
4076	84 
4077	121 
4078	213 
4079	187 
4080	275 
4081	173 
4082	194 
4083	292 
4084	268 
4085	246 
4086	14 
4087	7 
4088	34 
4089	97 
4090	92 
4091	87 
4092	81 
4093	98 
4094	30 
4095	108 
4096	178 
4097	132 
4098	136 
4099	176 
4100	161 
4101	138 
4102	72 
4103	210 
4104	98 
4105	163 
4106	24 
4107	88 
4108	163 
4109	26 
4110	73 
4111	156 
4112	183 
4113	210 
4114	12 
4115	197 
4116	132 
4117	138 
4118	135 
4119	156 
4120	98 
4121	242 
4122	126 
4123	233 
4124	23 
4125	191 
4126	187 
4127	189 
4128	273 
4129	64 
4130	266 
4131	304 
4132	166 
4133	181 
4134	269 
4135	5 
4136	128 
4137	166 
4138	102 
4139	92 
4140	276 
4141	220 
4142	200 
4143	7 
4144	299 
4145	138 
4146	268 
4147	2 
4148	86 
4149	215 
4150	4 
4151	222 
4152	3 
4153	228 
4154	175 
4155	60 
4156	71 
4157	43 
4158	30 
4159	179 
4160	44 
4161	10 
4162	85 
4163	197 
4164	83 
4165	295 
4166	187 
4167	174 
4168	138 
4169	229 
4170	128 
4171	304 
4172	112 
4173	216 
4174	71 
4175	260 
4176	161 
4177	221 
4178	128 
4179	218 
4180	63 
4181	75 
4182	38 
4183	279 
4184	204 
4185	116 
4186	27 
4187	181 
4188	304 
4189	166 
4190	199 
4191	131 
4192	126 
4193	225 
4194	159 
4195	278 
4196	142 
4197	197 
4198	25 
4199	41 
4200	196 
4201	137 
4202	199 
4203	180 
4204	208 
4205	92 
4206	117 
4207	291 
4208	251 
4209	115 
4210	52 
4211	210 
4212	35 
4213	268 
4214	156 
4215	290 
4216	35 
4217	38 
4218	264 
4219	127 
4220	153 
4221	188 
4222	28 
4223	102 
4224	232 
4225	37 
4226	164 
4227	207 
4228	25 
4229	75 
4230	247 
4231	240 
4232	194 
4233	242 
4234	102 
4235	131 
4236	124 
4237	160 
4238	45 
4239	15 
4240	243 
4241	268 
4242	207 
4243	308 
4244	149 
4245	36 
4246	249 
4247	126 
4248	6 
4249	187 
4250	281 
4251	17 
4252	132 
4253	302 
4254	150 
4255	60 
4256	119 
4257	225 
4258	276 
4259	161 
4260	297 
4261	18 
4262	35 
4263	253 
4264	156 
4265	155 
4266	305 
4267	135 
4268	195 
4269	205 
4270	134 
4271	122 
4272	204 
4273	48 
4274	11 
4275	91 
4276	286 
4277	101 
4278	305 
4279	190 
4280	146 
4281	2 
4282	179 
4283	135 
4284	213 
4285	130 
4286	139 
4287	126 
4288	66 
4289	62 
4290	145 
4291	226 
4292	253 
4293	99 
4294	98 
4295	292 
4296	12 
4297	82 
4298	202 
4299	250 
4300	235 
4301	208 
4302	283 
4303	207 
4304	134 
4305	293 
4306	259 
4307	293 
4308	241 
4309	165 
4310	127 
4311	178 
4312	299 
4313	36 
4314	245 
4315	104 
4316	264 
4317	174 
4318	9 
4319	195 
4320	121 
4321	157 
4322	281 
4323	254 
4324	156 
4325	6 
4326	12 
4327	122 
4328	260 
4329	75 
4330	35 
4331	242 
4332	98 
4333	302 
4334	214 
4335	112 
4336	285 
4337	23 
4338	134 
4339	123 
4340	213 
4341	153 
4342	114 
4343	299 
4344	185 
4345	34 
4346	292 
4347	226 
4348	151 
4349	226 
4350	200 
4351	125 
4352	235 
4353	23 
4354	131 
4355	86 
4356	285 
4357	27 
4358	198 
4359	161 
4360	226 
4361	171 
4362	289 
4363	283 
4364	152 
4365	173 
4366	60 
4367	228 
4368	57 
4369	218 
4370	256 
4371	254 
4372	4 
4373	213 
4374	306 
4375	248 
4376	213 
4377	75 
4378	166 
4379	172 
4380	67 
4381	14 
4382	127 
4383	259 
4384	137 
4385	139 
4386	153 
4387	99 
4388	17 
4389	288 
4390	261 
4391	146 
4392	251 
4393	3 
4394	43 
4395	297 
4396	129 
4397	278 
4398	174 
4399	53 
4400	8 
4401	134 
4402	47 
4403	216 
4404	136 
4405	10 
4406	105 
4407	295 
4408	72 
4409	130 
4410	16 
4411	204 
4412	283 
4413	238 
4414	203 
4415	17 
4416	107 
4417	105 
4418	139 
4419	195 
4420	216 
4421	116 
4422	33 
4423	162 
4424	105 
4425	171 
4426	95 
4427	83 
4428	277 
4429	274 
4430	235 
4431	135 
4432	288 
4433	18 
4434	148 
4435	307 
4436	217 
4437	154 
4438	3 
4439	147 
4440	303 
4441	97 
4442	175 
4443	24 
4444	188 
4445	151 
4446	240 
4447	52 
4448	132 
4449	290 
4450	287 
4451	108 
4452	301 
4453	160 
4454	25 
4455	120 
4456	5 
4457	54 
4458	105 
4459	162 
4460	305 
4461	100 
4462	5 
4463	173 
4464	188 
4465	233 
4466	177 
4467	67 
4468	128 
4469	241 
4470	30 
4471	171 
4472	208 
4473	132 
4474	85 
4475	88 
4476	39 
4477	121 
4478	218 
4479	74 
4480	172 
4481	260 
4482	69 
4483	220 
4484	231 
4485	290 
4486	240 
4487	197 
4488	223 
4489	26 
4490	251 
4491	242 
4492	234 
4493	223 
4494	164 
4495	37 
4496	210 
4497	55 
4498	156 
4499	3 
4500	146 
4501	175 
4502	132 
4503	276 
4504	3 
4505	305 
4506	130 
4507	27 
4508	98 
4509	207 
4510	294 
4511	40 
4512	25 
4513	200 
4514	283 
4515	155 
4516	161 
4517	107 
4518	57 
4519	89 
4520	265 
4521	8 
4522	190 
4523	7 
4524	147 
4525	287 
4526	46 
4527	93 
4528	50 
4529	39 
4530	111 
4531	261 
4532	290 
4533	266 
4534	50 
4535	94 
4536	4 
4537	306 
4538	263 
4539	241 
4540	170 
4541	111 
4542	273 
4543	98 
4544	232 
4545	151 
4546	10 
4547	16 
4548	154 
4549	89 
4550	159 
4551	279 
4552	254 
4553	212 
4554	34 
4555	160 
4556	175 
4557	240 
4558	125 
4559	132 
4560	66 
4561	175 
4562	71 
4563	91 
4564	84 
4565	82 
4566	171 
4567	181 
4568	109 
4569	258 
4570	84 
4571	24 
4572	177 
4573	254 
4574	83 
4575	190 
4576	251 
4577	104 
4578	268 
4579	207 
4580	49 
4581	114 
4582	42 
4583	235 
4584	87 
4585	129 
4586	183 
4587	223 
4588	7 
4589	288 
4590	81 
4591	163 
4592	53 
4593	159 
4594	115 
4595	137 
4596	276 
4597	124 
4598	146 
4599	294 
4600	53 
4601	196 
4602	128 
4603	127 
4604	14 
4605	287 
4606	231 
4607	143 
4608	258 
4609	147 
4610	266 
4611	271 
4612	218 
4613	277 
4614	93 
4615	302 
4616	292 
4617	170 
4618	244 
4619	187 
4620	13 
4621	20 
4622	19 
4623	235 
4624	257 
4625	146 
4626	239 
4627	144 
4628	139 
4629	178 
4630	192 
4631	121 
4632	299 
4633	104 
4634	118 
4635	156 
4636	7 
4637	29 
4638	125 
4639	36 
4640	102 
4641	239 
4642	67 
4643	53 
4644	128 
4645	186 
4646	280 
4647	202 
4648	233 
4649	190 
4650	140 
4651	258 
4652	267 
4653	183 
4654	19 
4655	146 
4656	132 
4657	249 
4658	257 
4659	296 
4660	52 
4661	107 
4662	119 
4663	130 
4664	249 
4665	164 
4666	49 
4667	147 
4668	57 
4669	275 
4670	108 
4671	135 
4672	294 
4673	306 
4674	217 
4675	126 
4676	152 
4677	301 
4678	240 
4679	44 
4680	257 
4681	45 
4682	254 
4683	79 
4684	98 
4685	190 
4686	15 
4687	252 
4688	262 
4689	251 
4690	7 
4691	180 
4692	247 
4693	219 
4694	238 
4695	184 
4696	294 
4697	63 
4698	23 
4699	284 
4700	156 
4701	149 
4702	104 
4703	89 
4704	204 
4705	47 
4706	21 
4707	17 
4708	289 
4709	253 
4710	140 
4711	52 
4712	105 
4713	292 
4714	228 
4715	132 
4716	150 
4717	83 
4718	142 
4719	194 
4720	244 
4721	123 
4722	66 
4723	154 
4724	240 
4725	61 
4726	218 
4727	190 
4728	52 
4729	8 
4730	118 
4731	222 
4732	33 
4733	221 
4734	53 
4735	281 
4736	125 
4737	288 
4738	299 
4739	7 
4740	227 
4741	234 
4742	276 
4743	74 
4744	89 
4745	46 
4746	214 
4747	132 
4748	51 
4749	259 
4750	265 
4751	192 
4752	47 
4753	110 
4754	201 
4755	61 
4756	180 
4757	293 
4758	166 
4759	97 
4760	51 
4761	75 
4762	26 
4763	188 
4764	156 
4765	78 
4766	51 
4767	104 
4768	254 
4769	238 
4770	99 
4771	87 
4772	286 
4773	127 
4774	212 
4775	299 
4776	141 
4777	19 
4778	280 
4779	92 
4780	9 
4781	4 
4782	87 
4783	222 
4784	206 
4785	237 
4786	184 
4787	254 
4788	4 
4789	165 
4790	154 
4791	203 
4792	32 
4793	49 
4794	23 
4795	38 
4796	32 
4797	171 
4798	70 
4799	275 
4800	288 
4801	184 
4802	226 
4803	97 
4804	16 
4805	173 
4806	42 
4807	180 
4808	246 
4809	254 
4810	75 
4811	117 
4812	183 
4813	134 
4814	71 
4815	243 
4816	36 
4817	201 
4818	193 
4819	302 
4820	90 
4821	64 
4822	100 
4823	126 
4824	274 
4825	37 
4826	6 
4827	216 
4828	286 
4829	103 
4830	259 
4831	151 
4832	213 
4833	29 
4834	219 
4835	136 
4836	305 
4837	143 
4838	239 
4839	95 
4840	38 
4841	216 
4842	22 
4843	10 
4844	292 
4845	30 
4846	93 
4847	88 
4848	199 
4849	106 
4850	94 
4851	303 
4852	105 
4853	108 
4854	210 
4855	132 
4856	208 
4857	249 
4858	135 
4859	240 
4860	99 
4861	6 
4862	229 
4863	284 
4864	283 
4865	43 
4866	289 
4867	249 
4868	129 
4869	76 
4870	197 
4871	38 
4872	34 
4873	260 
4874	77 
4875	265 
4876	254 
4877	156 
4878	297 
4879	27 
4880	54 
4881	85 
4882	203 
4883	171 
4884	1 
4885	189 
4886	227 
4887	19 
4888	199 
4889	29 
4890	294 
4891	153 
4892	58 
4893	73 
4894	53 
4895	25 
4896	21 
4897	288 
4898	2 
4899	25 
4900	298 
4901	42 
4902	7 
4903	197 
4904	98 
4905	215 
4906	101 
4907	22 
4908	245 
4909	53 
4910	57 
4911	22 
4912	220 
4913	69 
4914	30 
4915	244 
4916	213 
4917	273 
4918	69 
4919	133 
4920	208 
4921	185 
4922	137 
4923	50 
4924	14 
4925	50 
4926	285 
4927	244 
4928	103 
4929	60 
4930	279 
4931	252 
4932	1 
4933	249 
4934	2 
4935	183 
4936	179 
4937	213 
4938	183 
4939	21 
4940	61 
4941	9 
4942	120 
4943	239 
4944	146 
4945	220 
4946	188 
4947	42 
4948	148 
4949	49 
4950	197 
4951	295 
4952	281 
4953	53 
4954	267 
4955	125 
4956	200 
4957	147 
4958	195 
4959	214 
4960	74 
4961	238 
4962	46 
4963	157 
4964	216 
4965	270 
4966	249 
4967	48 
4968	141 
4969	218 
4970	231 
4971	35 
4972	9 
4973	234 
4974	207 
4975	163 
4976	38 
4977	278 
4978	23 
4979	69 
4980	281 
4981	169 
4982	146 
4983	88 
4984	199 
4985	274 
4986	82 
4987	131 
4988	252 
4989	213 
4990	173 
4991	296 
4992	278 
4993	251 
4994	185 
4995	47 
4996	257 
4997	179 
4998	203 
4999	220 
5000	243 
5001	132 
5002	22 
5003	173 
5004	16 
5005	27 
5006	306 
5007	46 
5008	71 
5009	6 
5010	18 
5011	249 
5012	257 
5013	189 
5014	177 
5015	237 
5016	281 
5017	221 
5018	304 
5019	234 
5020	303 
5021	175 
5022	270 
5023	305 
5024	41 
5025	205 
5026	179 
5027	117 
5028	204 
5029	156 
5030	89 
5031	97 
5032	190 
5033	1 
5034	4 
5035	199 
5036	216 
5037	146 
5038	293 
5039	208 
5040	290 
5041	210 
5042	277 
5043	198 
5044	193 
5045	239 
5046	13 
5047	234 
5048	87 
5049	171 
5050	246 
5051	93 
5052	224 
5053	307 
5054	293 
5055	278 
5056	108 
5057	191 
5058	1 
5059	260 
5060	175 
5061	227 
5062	143 
5063	150 
5064	250 
5065	86 
5066	159 
5067	32 
5068	86 
5069	165 
5070	111 
5071	186 
5072	35 
5073	197 
5074	241 
5075	223 
5076	285 
5077	296 
5078	74 
5079	66 
5080	92 
5081	86 
5082	217 
5083	215 
5084	46 
5085	38 
5086	258 
5087	258 
5088	123 
5089	178 
5090	33 
5091	255 
5092	129 
5093	25 
5094	81 
5095	238 
5096	40 
5097	259 
5098	32 
5099	120 
5100	302 
5101	163 
5102	223 
5103	296 
5104	71 
5105	66 
5106	34 
5107	148 
5108	74 
5109	11 
5110	8 
5111	10 
5112	188 
5113	288 
5114	54 
5115	184 
5116	23 
5117	278 
5118	194 
5119	87 
5120	142 
5121	15 
5122	289 
5123	10 
5124	202 
5125	124 
5126	35 
5127	116 
5128	121 
5129	132 
5130	221 
5131	240 
5132	162 
5133	150 
5134	62 
5135	25 
5136	15 
5137	214 
5138	260 
5139	233 
5140	176 
5141	157 
5142	272 
5143	278 
5144	125 
5145	154 
5146	56 
5147	74 
5148	97 
5149	78 
5150	187 
5151	3 
5152	147 
5153	192 
5154	105 
5155	173 
5156	209 
5157	76 
5158	284 
5159	83 
5160	273 
5161	226 
5162	157 
5163	211 
5164	78 
5165	228 
5166	199 
5167	80 
5168	90 
5169	245 
5170	3 
5171	156 
5172	61 
5173	149 
5174	248 
5175	86 
5176	123 
5177	202 
5178	157 
5179	10 
5180	24 
5181	39 
5182	184 
5183	182 
5184	224 
5185	75 
5186	63 
5187	157 
5188	173 
5189	132 
5190	203 
5191	205 
5192	77 
5193	188 
5194	197 
5195	127 
5196	114 
5197	174 
5198	249 
5199	109 
5200	84 
5201	252 
5202	249 
5203	87 
5204	108 
5205	197 
5206	81 
5207	22 
5208	140 
5209	269 
5210	231 
5211	26 
5212	164 
5213	49 
5214	121 
5215	111 
5216	214 
5217	127 
5218	224 
5219	121 
5220	62 
5221	130 
5222	110 
5223	102 
5224	28 
5225	272 
5226	150 
5227	269 
5228	252 
5229	279 
5230	285 
5231	246 
5232	64 
5233	281 
5234	179 
5235	207 
5236	186 
5237	39 
5238	198 
5239	144 
5240	111 
5241	22 
5242	127 
5243	300 
5244	57 
5245	107 
5246	308 
5247	197 
5248	96 
5249	94 
5250	139 
5251	27 
5252	48 
5253	12 
5254	251 
5255	184 
5256	125 
5257	298 
5258	268 
5259	215 
5260	166 
5261	260 
5262	199 
5263	137 
5264	263 
5265	267 
5266	75 
5267	259 
5268	299 
5269	15 
5270	223 
5271	298 
5272	189 
5273	50 
5274	298 
5275	208 
5276	190 
5277	256 
5278	288 
5279	127 
5280	303 
5281	292 
5282	277 
5283	226 
5284	103 
5285	42 
5286	230 
5287	184 
5288	134 
5289	301 
5290	45 
5291	257 
5292	231 
5293	98 
5294	2 
5295	43 
5296	92 
5297	281 
5298	287 
5299	5 
5300	242 
5301	18 
5302	102 
5303	2 
5304	185 
5305	293 
5306	221 
5307	25 
5308	102 
5309	216 
5310	45 
5311	105 
5312	136 
5313	187 
5314	283 
5315	160 
5316	47 
5317	194 
5318	191 
5319	186 
5320	49 
5321	201 
5322	91 
5323	245 
5324	24 
5325	80 
5326	175 
5327	81 
5328	107 
5329	32 
5330	89 
5331	69 
5332	37 
5333	275 
5334	151 
5335	127 
5336	37 
5337	95 
5338	80 
5339	265 
5340	105 
5341	162 
5342	219 
5343	102 
5344	110 
5345	218 
5346	114 
5347	53 
5348	278 
5349	55 
5350	125 
5351	230 
5352	249 
5353	84 
5354	36 
5355	167 
5356	244 
5357	108 
5358	102 
5359	239 
5360	176 
5361	14 
5362	281 
5363	220 
5364	160 
5365	299 
5366	129 
5367	255 
5368	193 
5369	114 
5370	238 
5371	201 
5372	268 
5373	107 
5374	230 
5375	254 
5376	56 
5377	169 
5378	26 
5379	148 
5380	303 
5381	181 
5382	127 
5383	101 
5384	109 
5385	156 
5386	211 
5387	36 
5388	111 
5389	71 
5390	197 
5391	69 
5392	58 
5393	163 
5394	32 
5395	100 
5396	65 
5397	27 
5398	30 
5399	174 
5400	68 
5401	132 
5402	180 
5403	259 
5404	286 
5405	62 
5406	245 
5407	133 
5408	303 
5409	240 
5410	218 
5411	251 
5412	232 
5413	143 
5414	256 
5415	62 
5416	15 
5417	60 
5418	27 
5419	73 
5420	82 
5421	6 
5422	7 
5423	299 
5424	37 
5425	146 
5426	188 
5427	40 
5428	32 
5429	27 
5430	218 
5431	176 
5432	280 
5433	37 
5434	92 
5435	235 
5436	191 
5437	249 
5438	191 
5439	305 
5440	107 
5441	238 
5442	219 
5443	246 
5444	234 
5445	144 
5446	204 
5447	97 
5448	297 
5449	34 
5450	148 
5451	63 
5452	107 
5453	194 
5454	227 
5455	138 
5456	57 
5457	169 
5458	220 
5459	284 
5460	302 
5461	138 
5462	194 
5463	272 
5464	233 
5465	4 
5466	216 
5467	212 
5468	119 
5469	185 
5470	251 
5471	129 
5472	171 
5473	61 
5474	109 
5475	108 
5476	150 
5477	282 
5478	285 
5479	221 
5480	18 
5481	178 
5482	226 
5483	221 
5484	61 
5485	196 
5486	102 
5487	126 
5488	203 
5489	1 
5490	267 
5491	194 
5492	106 
5493	186 
5494	224 
5495	193 
5496	50 
5497	297 
5498	33 
5499	189 
5500	217 
5501	132 
5502	227 
5503	216 
5504	109 
5505	238 
5506	181 
5507	95 
5508	128 
5509	237 
5510	61 
5511	115 
5512	233 
5513	179 
5514	144 
5515	141 
5516	295 
5517	84 
5518	232 
5519	89 
5520	123 
5521	235 
5522	241 
5523	176 
5524	143 
5525	56 
5526	249 
5527	277 
5528	204 
5529	126 
5530	266 
5531	214 
5532	88 
5533	212 
5534	273 
5535	23 
5536	120 
5537	166 
5538	28 
5539	103 
5540	52 
5541	211 
5542	28 
5543	131 
5544	195 
5545	63 
5546	4 
5547	51 
5548	204 
5549	194 
5550	270 
5551	119 
5552	124 
5553	241 
5554	56 
5555	275 
5556	243 
5557	131 
5558	257 
5559	307 
5560	275 
5561	97 
5562	230 
5563	150 
5564	128 
5565	87 
5566	292 
5567	130 
5568	203 
5569	138 
5570	297 
5571	51 
5572	261 
5573	60 
5574	150 
5575	79 
5576	115 
5577	303 
5578	165 
5579	12 
5580	61 
5581	47 
5582	29 
5583	153 
5584	130 
5585	75 
5586	87 
5587	192 
5588	274 
5589	71 
5590	273 
5591	35 
5592	225 
5593	124 
5594	285 
5595	15 
5596	264 
5597	275 
5598	83 
5599	91 
5600	176 
5601	94 
5602	126 
5603	298 
5604	175 
5605	184 
5606	184 
5607	54 
5608	83 
5609	187 
5610	308 
5611	61 
5612	156 
5613	128 
5614	1 
5615	220 
5616	64 
5617	46 
5618	248 
5619	11 
5620	293 
5621	82 
5622	149 
5623	173 
5624	15 
5625	115 
5626	84 
5627	229 
5628	21 
5629	230 
5630	272 
5631	244 
5632	269 
5633	166 
5634	223 
5635	213 
5636	33 
5637	292 
5638	171 
5639	238 
5640	187 
5641	103 
5642	165 
5643	156 
5644	209 
5645	129 
5646	9 
5647	228 
5648	50 
5649	97 
5650	245 
5651	201 
5652	293 
5653	97 
5654	48 
5655	135 
5656	207 
5657	57 
5658	106 
5659	251 
5660	263 
5661	220 
5662	278 
5663	219 
5664	170 
5665	122 
5666	192 
5667	88 
5668	237 
5669	235 
5670	209 
5671	203 
5672	150 
5673	152 
5674	282 
5675	235 
5676	29 
5677	177 
5678	190 
5679	167 
5680	185 
5681	174 
5682	208 
5683	186 
5684	34 
5685	238 
5686	267 
5687	110 
5688	161 
5689	49 
5690	257 
5691	276 
5692	212 
5693	6 
5694	120 
5695	161 
5696	288 
5697	303 
5698	259 
5699	228 
5700	300 
5701	37 
5702	45 
5703	191 
5704	59 
5705	230 
5706	141 
5707	60 
5708	288 
5709	54 
5710	210 
5711	115 
5712	232 
5713	48 
5714	65 
5715	17 
5716	286 
5717	102 
5718	75 
5719	252 
5720	47 
5721	228 
5722	152 
5723	289 
5724	195 
5725	279 
5726	251 
5727	65 
5728	147 
5729	60 
5730	159 
5731	258 
5732	187 
5733	80 
5734	56 
5735	247 
5736	197 
5737	245 
5738	290 
5739	110 
5740	171 
5741	219 
5742	105 
5743	144 
5744	139 
5745	7 
5746	139 
5747	181 
5748	131 
5749	210 
5750	73 
5751	211 
5752	256 
5753	101 
5754	86 
5755	283 
5756	99 
5757	202 
5758	304 
5759	192 
5760	104 
5761	199 
5762	127 
5763	140 
5764	172 
5765	225 
5766	136 
5767	232 
5768	17 
5769	185 
5770	39 
5771	150 
5772	308 
5773	128 
5774	285 
5775	299 
5776	52 
5777	288 
5778	259 
5779	17 
5780	237 
5781	248 
5782	214 
5783	138 
5784	88 
5785	176 
5786	24 
5787	93 
5788	96 
5789	46 
5790	150 
5791	199 
5792	171 
5793	6 
5794	7 
5795	177 
5796	35 
5797	37 
5798	35 
5799	171 
5800	240 
5801	60 
5802	211 
5803	234 
5804	50 
5805	157 
5806	125 
5807	12 
5808	255 
5809	176 
5810	107 
5811	279 
5812	60 
5813	281 
5814	193 
5815	113 
5816	227 
5817	264 
5818	195 
5819	138 
5820	47 
5821	50 
5822	148 
5823	166 
5824	122 
5825	123 
5826	298 
5827	275 
5828	126 
5829	17 
5830	229 
5831	221 
5832	53 
5833	264 
5834	34 
5835	12 
5836	272 
5837	230 
5838	268 
5839	73 
5840	227 
5841	117 
5842	297 
5843	169 
5844	206 
5845	44 
5846	88 
5847	184 
5848	271 
5849	168 
5850	238 
5851	71 
5852	7 
5853	165 
5854	55 
5855	296 
5856	267 
5857	251 
5858	287 
5859	275 
5860	184 
5861	285 
5862	207 
5863	114 
5864	121 
5865	40 
5866	299 
5867	95 
5868	132 
5869	6 
5870	81 
5871	96 
5872	109 
5873	37 
5874	17 
5875	198 
5876	68 
5877	297 
5878	248 
5879	289 
5880	64 
5881	29 
5882	4 
5883	202 
5884	33 
5885	93 
5886	191 
5887	104 
5888	70 
5889	102 
5890	100 
5891	48 
5892	244 
5893	193 
5894	37 
5895	17 
5896	130 
5897	291 
5898	2 
5899	84 
5900	187 
5901	82 
5902	61 
5903	183 
5904	153 
5905	238 
5906	209 
5907	225 
5908	201 
5909	102 
5910	300 
5911	251 
5912	119 
5913	242 
5914	4 
5915	66 
5916	211 
5917	158 
5918	97 
5919	59 
5920	149 
5921	41 
5922	133 
5923	94 
5924	175 
5925	26 
5926	150 
5927	93 
5928	266 
5929	132 
5930	73 
5931	251 
5932	38 
5933	16 
5934	109 
5935	223 
5936	17 
5937	251 
5938	61 
5939	148 
5940	132 
5941	235 
5942	257 
5943	32 
5944	138 
5945	23 
5946	260 
5947	15 
5948	58 
5949	242 
5950	258 
5951	307 
5952	14 
5953	109 
5954	257 
5955	206 
5956	240 
5957	31 
5958	267 
5959	7 
5960	100 
5961	87 
5962	78 
5963	149 
5964	15 
5965	156 
5966	116 
5967	60 
5968	133 
5969	213 
5970	52 
5971	26 
5972	83 
5973	63 
5974	204 
5975	197 
5976	253 
5977	7 
5978	98 
5979	191 
5980	231 
5981	104 
5982	62 
5983	70 
5984	220 
5985	289 
5986	300 
5987	33 
5988	18 
5989	27 
5990	19 
5991	145 
5992	258 
5993	297 
5994	3 
5995	2 
5996	21 
5997	118 
5998	294 
5999	226 
6000	200 
6001	124 
6002	128 
6003	61 
6004	21 
6005	109 
6006	146 
6007	262 
6008	299 
6009	109 
6010	194 
6011	106 
6012	69 
6013	280 
6014	12 
6015	73 
6016	59 
6017	187 
6018	283 
6019	79 
6020	197 
6021	37 
6022	236 
6023	238 
6024	173 
6025	27 
6026	228 
6027	199 
6028	150 
6029	51 
6030	80 
6031	219 
6032	195 
6033	302 
6034	61 
6035	165 
6036	77 
6037	104 
6038	3 
6039	86 
6040	251 
6041	126 
6042	169 
6043	181 
6044	105 
6045	51 
6046	50 
6047	234 
6048	153 
6049	43 
6050	280 
6051	188 
6052	14 
6053	188 
6054	68 
6055	274 
6056	299 
6057	167 
6058	77 
6059	28 
6060	132 
6061	118 
6062	191 
6063	13 
6064	240 
6065	241 
6066	267 
6067	93 
6068	213 
6069	299 
6070	134 
6071	238 
6072	107 
6073	245 
6074	187 
6075	226 
6076	200 
6077	45 
6078	247 
6079	205 
6080	41 
6081	244 
6082	250 
6083	3 
6084	35 
6085	192 
6086	112 
6087	151 
6088	156 
6089	73 
6090	270 
6091	169 
6092	197 
6093	304 
6094	16 
6095	164 
6096	187 
6097	4 
6098	213 
6099	259 
6100	140 
6101	155 
6102	291 
6103	58 
6104	54 
6105	7 
6106	183 
6107	203 
6108	98 
6109	158 
6110	14 
6111	104 
6112	164 
6113	260 
6114	55 
6115	134 
6116	190 
6117	221 
6118	5 
6119	223 
6120	292 
6121	292 
6122	102 
6123	158 
6124	126 
6125	263 
6126	175 
6127	129 
6128	170 
6129	250 
6130	139 
6131	31 
6132	177 
6133	134 
6134	244 
6135	233 
6136	62 
6137	166 
6138	86 
6139	248 
6140	32 
6141	243 
6142	263 
6143	187 
6144	297 
6145	111 
6146	308 
6147	295 
6148	29 
6149	300 
6150	212 
6151	254 
6152	61 
6153	28 
6154	52 
6155	120 
6156	202 
6157	73 
6158	197 
6159	61 
6160	88 
6161	172 
6162	239 
6163	217 
6164	31 
6165	200 
6166	194 
6167	149 
6168	7 
6169	276 
6170	245 
6171	153 
6172	227 
6173	161 
6174	278 
6175	208 
6176	231 
6177	90 
6178	138 
6179	18 
6180	52 
6181	76 
6182	83 
6183	235 
6184	154 
6185	227 
6186	187 
6187	73 
6188	174 
6189	91 
6190	192 
6191	149 
6192	88 
6193	79 
6194	39 
6195	56 
6196	174 
6197	6 
6198	178 
6199	10 
6200	308 
6201	179 
6202	255 
6203	88 
6204	123 
6205	8 
6206	101 
6207	302 
6208	105 
6209	268 
6210	93 
6211	68 
6212	244 
6213	22 
6214	289 
6215	294 
6216	52 
6217	50 
6218	171 
6219	10 
6220	190 
6221	186 
6222	73 
6223	106 
6224	239 
6225	207 
6226	75 
6227	128 
6228	251 
6229	254 
6230	114 
6231	191 
6232	250 
6233	296 
6234	21 
6235	232 
6236	94 
6237	65 
6238	16 
6239	154 
6240	283 
6241	23 
6242	175 
6243	85 
6244	27 
6245	179 
6246	36 
6247	2 
6248	200 
6249	287 
6250	232 
6251	159 
6252	109 
6253	142 
6254	76 
6255	271 
6256	119 
6257	10 
6258	272 
6259	134 
6260	276 
6261	1 
6262	306 
6263	33 
6264	249 
6265	37 
6266	72 
6267	98 
6268	299 
6269	297 
6270	53 
6271	293 
6272	95 
6273	52 
6274	285 
6275	290 
6276	4 
6277	167 
6278	226 
6279	228 
6280	193 
6281	232 
6282	228 
6283	221 
6284	246 
6285	165 
6286	7 
6287	96 
6288	55 
6289	74 
6290	146 
6291	8 
6292	69 
6293	160 
6294	158 
6295	145 
6296	114 
6297	204 
6298	289 
6299	252 
6300	9 
6301	231 
6302	205 
6303	216 
6304	270 
6305	235 
6306	149 
6307	85 
6308	250 
6309	31 
6310	17 
6311	53 
6312	47 
6313	264 
6314	285 
6315	100 
6316	147 
6317	220 
6318	197 
6319	224 
6320	130 
6321	275 
6322	175 
6323	119 
6324	276 
6325	30 
6326	216 
6327	133 
6328	107 
6329	116 
6330	225 
6331	106 
6332	53 
6333	18 
6334	97 
6335	50 
6336	242 
6337	156 
6338	227 
6339	204 
6340	222 
6341	117 
6342	236 
6343	3 
6344	131 
6345	187 
6346	77 
6347	104 
6348	224 
6349	107 
6350	231 
6351	64 
6352	19 
6353	150 
6354	50 
6355	164 
6356	75 
6357	285 
6358	162 
6359	306 
6360	272 
6361	195 
6362	207 
6363	126 
6364	272 
6365	146 
6366	298 
6367	175 
6368	21 
6369	254 
6370	90 
6371	167 
6372	234 
6373	44 
6374	187 
6375	202 
6376	175 
6377	159 
6378	96 
6379	158 
6380	286 
6381	229 
6382	245 
6383	138 
6384	304 
6385	201 
6386	226 
6387	250 
6388	298 
6389	207 
6390	200 
6391	127 
6392	175 
6393	66 
6394	65 
6395	236 
6396	274 
6397	173 
6398	205 
6399	163 
6400	82 
6401	114 
6402	172 
6403	186 
6404	298 
6405	141 
6406	114 
6407	104 
6408	253 
6409	246 
6410	57 
6411	242 
6412	105 
6413	60 
6414	256 
6415	55 
6416	56 
6417	227 
6418	257 
6419	195 
6420	19 
6421	285 
6422	134 
6423	2 
6424	117 
6425	75 
6426	134 
6427	7 
6428	199 
6429	214 
6430	65 
6431	98 
6432	107 
6433	113 
6434	37 
6435	289 
6436	88 
6437	78 
6438	110 
6439	209 
6440	240 
6441	287 
6442	111 
6443	74 
6444	119 
6445	140 
6446	102 
6447	103 
6448	118 
6449	87 
6450	68 
6451	250 
6452	97 
6453	61 
6454	186 
6455	101 
6456	18 
6457	212 
6458	240 
6459	191 
6460	55 
6461	266 
6462	250 
6463	175 
6464	224 
6465	199 
6466	191 
6467	273 
6468	84 
6469	167 
6470	266 
6471	261 
6472	223 
6473	122 
6474	119 
6475	236 
6476	25 
6477	1 
6478	132 
6479	176 
6480	67 
6481	138 
6482	2 
6483	261 
6484	223 
6485	307 
6486	165 
6487	215 
6488	188 
6489	207 
6490	121 
6491	38 
6492	101 
6493	149 
6494	275 
6495	231 
6496	295 
6497	220 
6498	245 
6499	253 
6500	110 
6501	216 
6502	71 
6503	184 
6504	147 
6505	49 
6506	301 
6507	97 
6508	155 
6509	258 
6510	145 
6511	270 
6512	207 
6513	201 
6514	61 
6515	199 
6516	130 
6517	168 
6518	1 
6519	17 
6520	48 
6521	76 
6522	286 
6523	109 
6524	107 
6525	78 
6526	58 
6527	81 
6528	167 
6529	185 
6530	7 
6531	26 
6532	142 
6533	245 
6534	300 
6535	7 
6536	174 
6537	109 
6538	84 
6539	242 
6540	234 
6541	213 
6542	282 
6543	277 
6544	16 
6545	164 
6546	239 
6547	46 
6548	73 
6549	193 
6550	87 
6551	117 
6552	299 
6553	108 
6554	165 
6555	62 
6556	170 
6557	226 
6558	84 
6559	251 
6560	32 
6561	78 
6562	219 
6563	201 
6564	290 
6565	152 
6566	268 
6567	245 
6568	147 
6569	172 
6570	148 
6571	94 
6572	5 
6573	105 
6574	183 
6575	27 
6576	49 
6577	299 
6578	275 
6579	237 
6580	286 
6581	242 
6582	245 
6583	6 
6584	303 
6585	128 
6586	46 
6587	76 
6588	96 
6589	82 
6590	49 
6591	55 
6592	286 
6593	72 
6594	216 
6595	13 
6596	150 
6597	208 
6598	212 
6599	259 
6600	212 
6601	289 
6602	206 
6603	43 
6604	223 
6605	113 
6606	17 
6607	104 
6608	104 
6609	28 
6610	287 
6611	271 
6612	39 
6613	22 
6614	138 
6615	245 
6616	253 
6617	95 
6618	137 
6619	184 
6620	251 
6621	26 
6622	63 
6623	28 
6624	231 
6625	134 
6626	180 
6627	23 
6628	254 
6629	292 
6630	222 
6631	257 
6632	122 
6633	258 
6634	62 
6635	86 
6636	3 
6637	151 
6638	183 
6639	32 
6640	288 
6641	115 
6642	191 
6643	266 
6644	214 
6645	160 
6646	292 
6647	286 
6648	125 
6649	132 
6650	46 
6651	233 
6652	119 
6653	196 
6654	86 
6655	88 
6656	213 
6657	23 
6658	23 
6659	98 
6660	225 
6661	148 
6662	100 
6663	32 
6664	252 
6665	77 
6666	169 
6667	132 
6668	93 
6669	259 
6670	59 
6671	201 
6672	200 
6673	300 
6674	50 
6675	126 
6676	229 
6677	298 
6678	190 
6679	197 
6680	84 
6681	8 
6682	197 
6683	27 
6684	125 
6685	141 
6686	228 
6687	83 
6688	120 
6689	54 
6690	135 
6691	126 
6692	67 
6693	223 
6694	167 
6695	159 
6696	54 
6697	53 
6698	8 
6699	57 
6700	80 
6701	231 
6702	242 
6703	175 
6704	168 
6705	252 
6706	109 
6707	145 
6708	223 
6709	57 
6710	133 
6711	192 
6712	216 
6713	225 
6714	2 
6715	157 
6716	289 
6717	27 
6718	187 
6719	59 
6720	59 
6721	14 
6722	215 
6723	249 
6724	183 
6725	218 
6726	45 
6727	244 
6728	2 
6729	47 
6730	160 
6731	301 
6732	181 
6733	274 
6734	86 
6735	39 
6736	214 
6737	14 
6738	178 
6739	226 
6740	290 
6741	69 
6742	295 
6743	150 
6744	188 
6745	293 
6746	293 
6747	80 
6748	260 
6749	170 
6750	217 
6751	142 
6752	263 
6753	121 
6754	257 
6755	302 
6756	257 
6757	204 
6758	150 
6759	13 
6760	291 
6761	286 
6762	307 
6763	110 
6764	29 
6765	178 
6766	24 
6767	35 
6768	204 
6769	126 
6770	114 
6771	34 
6772	95 
6773	228 
6774	273 
6775	139 
6776	181 
6777	299 
6778	292 
6779	98 
6780	297 
6781	51 
6782	286 
6783	7 
6784	250 
6785	122 
6786	122 
6787	179 
6788	232 
6789	161 
6790	219 
6791	33 
6792	68 
6793	17 
6794	27 
6795	32 
6796	231 
6797	130 
6798	8 
6799	70 
6800	127 
6801	173 
6802	297 
6803	186 
6804	44 
6805	117 
6806	299 
6807	128 
6808	76 
6809	47 
6810	135 
6811	119 
6812	107 
6813	101 
6814	7 
6815	183 
6816	190 
6817	285 
6818	216 
6819	153 
6820	146 
6821	264 
6822	123 
6823	255 
6824	178 
6825	7 
6826	46 
6827	222 
6828	299 
6829	280 
6830	78 
6831	288 
6832	298 
6833	107 
6834	27 
6835	154 
6836	43 
6837	297 
6838	64 
6839	2 
6840	231 
6841	201 
6842	131 
6843	71 
6844	163 
6845	156 
6846	282 
6847	232 
6848	9 
6849	211 
6850	4 
6851	304 
6852	28 
6853	122 
6854	254 
6855	31 
6856	162 
6857	126 
6858	194 
6859	247 
6860	245 
6861	43 
6862	172 
6863	266 
6864	199 
6865	277 
6866	98 
6867	189 
6868	278 
6869	87 
6870	300 
6871	176 
6872	27 
6873	88 
6874	11 
6875	5 
6876	214 
6877	260 
6878	243 
6879	75 
6880	152 
6881	31 
6882	53 
6883	214 
6884	293 
6885	130 
6886	95 
6887	263 
6888	175 
6889	161 
6890	95 
6891	143 
6892	89 
6893	69 
6894	226 
6895	252 
6896	243 
6897	171 
6898	83 
6899	141 
6900	173 
6901	286 
6902	304 
6903	209 
6904	255 
6905	166 
6906	63 
6907	20 
6908	30 
6909	14 
6910	85 
6911	89 
6912	282 
6913	142 
6914	266 
6915	132 
6916	55 
6917	53 
6918	121 
6919	24 
6920	288 
6921	139 
6922	185 
6923	94 
6924	126 
6925	108 
6926	256 
6927	54 
6928	155 
6929	153 
6930	161 
6931	82 
6932	97 
6933	31 
6934	38 
6935	208 
6936	308 
6937	5 
6938	172 
6939	3 
6940	288 
6941	134 
6942	227 
6943	187 
6944	118 
6945	175 
6946	269 
6947	112 
6948	76 
6949	75 
6950	155 
6951	39 
6952	158 
6953	26 
6954	284 
6955	108 
6956	60 
6957	5 
6958	275 
6959	43 
6960	238 
6961	171 
6962	63 
6963	3 
6964	27 
6965	202 
6966	232 
6967	289 
6968	65 
6969	15 
6970	10 
6971	128 
6972	95 
6973	81 
6974	163 
6975	213 
6976	308 
6977	167 
6978	105 
6979	119 
6980	56 
6981	299 
6982	157 
6983	110 
6984	204 
6985	207 
6986	90 
6987	17 
6988	160 
6989	50 
6990	97 
6991	240 
6992	88 
6993	121 
6994	97 
6995	223 
6996	203 
6997	271 
6998	20 
6999	231 
7000	116 
7001	308 
7002	288 
7003	93 
7004	78 
7005	7 
7006	273 
7007	300 
7008	105 
7009	258 
7010	298 
7011	9 
7012	232 
7013	62 
7014	307 
7015	280 
7016	60 
7017	102 
7018	108 
7019	15 
7020	235 
7021	184 
7022	119 
7023	242 
7024	281 
7025	247 
7026	251 
7027	306 
7028	296 
7029	129 
7030	55 
7031	55 
7032	303 
7033	75 
7034	67 
7035	242 
7036	127 
7037	228 
7038	280 
7039	224 
7040	253 
7041	278 
7042	237 
7043	222 
7044	104 
7045	53 
7046	32 
7047	299 
7048	24 
7049	174 
7050	97 
7051	35 
7052	278 
7053	51 
7054	145 
7055	27 
7056	182 
7057	69 
7058	170 
7059	164 
7060	114 
7061	75 
7062	185 
7063	95 
7064	192 
7065	88 
7066	182 
7067	206 
7068	296 
7069	250 
7070	253 
7071	32 
7072	287 
7073	170 
7074	81 
7075	265 
7076	176 
7077	290 
7078	125 
7079	29 
7080	273 
7081	7 
7082	249 
7083	12 
7084	78 
7085	16 
7086	4 
7087	80 
7088	164 
7089	121 
7090	108 
7091	251 
7092	239 
7093	48 
7094	213 
7095	255 
7096	254 
7097	207 
7098	137 
7099	24 
7100	202 
7101	198 
7102	284 
7103	117 
7104	129 
7105	146 
7106	276 
7107	124 
7108	149 
7109	95 
7110	188 
7111	87 
7112	270 
7113	5 
7114	184 
7115	58 
7116	168 
7117	28 
7118	193 
7119	258 
7120	140 
7121	140 
7122	53 
7123	65 
7124	268 
7125	46 
7126	242 
7127	64 
7128	171 
7129	197 
7130	229 
7131	146 
7132	162 
7133	221 
7134	141 
7135	14 
7136	302 
7137	292 
7138	62 
7139	251 
7140	11 
7141	68 
7142	292 
7143	61 
7144	205 
7145	190 
7146	45 
7147	4 
7148	155 
7149	139 
7150	245 
7151	15 
7152	14 
7153	308 
7154	179 
7155	271 
7156	279 
7157	158 
7158	293 
7159	15 
7160	276 
7161	67 
7162	68 
7163	177 
7164	49 
7165	239 
7166	202 
7167	179 
7168	74 
7169	50 
7170	301 
7171	269 
7172	229 
7173	277 
7174	153 
7175	52 
7176	62 
7177	139 
7178	20 
7179	299 
7180	46 
7181	106 
7182	99 
7183	229 
7184	251 
7185	186 
7186	55 
7187	290 
7188	208 
7189	219 
7190	58 
7191	77 
7192	75 
7193	85 
7194	40 
7195	57 
7196	223 
7197	72 
7198	168 
7199	9 
7200	93 
7201	224 
7202	300 
7203	268 
7204	170 
7205	19 
7206	207 
7207	208 
7208	302 
7209	148 
7210	191 
7211	19 
7212	64 
7213	212 
7214	75 
7215	17 
7216	143 
7217	86 
7218	224 
7219	244 
7220	243 
7221	279 
7222	206 
7223	181 
7224	74 
7225	137 
7226	97 
7227	308 
7228	104 
7229	166 
7230	200 
7231	65 
7232	196 
7233	76 
7234	132 
7235	302 
7236	233 
7237	218 
7238	299 
7239	78 
7240	143 
7241	72 
7242	162 
7243	258 
7244	290 
7245	121 
7246	168 
7247	9 
7248	28 
7249	144 
7250	162 
7251	46 
7252	168 
7253	265 
7254	278 
7255	299 
7256	252 
7257	162 
7258	170 
7259	10 
7260	21 
7261	47 
7262	52 
7263	282 
7264	142 
7265	88 
7266	173 
7267	237 
7268	76 
7269	300 
7270	283 
7271	219 
7272	139 
7273	22 
7274	82 
7275	106 
7276	59 
7277	307 
7278	95 
7279	94 
7280	162 
7281	188 
7282	169 
7283	187 
7284	128 
7285	246 
7286	270 
7287	34 
7288	143 
7289	190 
7290	301 
7291	179 
7292	207 
7293	217 
7294	262 
7295	286 
7296	231 
7297	99 
7298	277 
7299	223 
7300	136 
7301	98 
7302	138 
7303	254 
7304	226 
7305	109 
7306	272 
7307	153 
7308	215 
7309	179 
7310	119 
7311	214 
7312	69 
7313	219 
7314	105 
7315	112 
7316	199 
7317	305 
7318	197 
7319	301 
7320	93 
7321	289 
7322	207 
7323	278 
7324	197 
7325	231 
7326	66 
7327	242 
7328	116 
7329	40 
7330	7 
7331	20 
7332	11 
7333	192 
7334	52 
7335	190 
7336	220 
7337	240 
7338	119 
7339	258 
7340	208 
7341	224 
7342	150 
7343	220 
7344	235 
7345	232 
7346	290 
7347	33 
7348	255 
7349	127 
7350	147 
7351	72 
7352	27 
7353	130 
7354	178 
7355	205 
7356	148 
7357	86 
7358	1 
7359	25 
7360	25 
7361	59 
7362	274 
7363	162 
7364	78 
7365	78 
7366	15 
7367	71 
7368	273 
7369	305 
7370	139 
7371	257 
7372	263 
7373	127 
7374	243 
7375	54 
7376	305 
7377	285 
7378	187 
7379	188 
7380	156 
7381	76 
7382	125 
7383	83 
7384	55 
7385	174 
7386	156 
7387	238 
7388	26 
7389	27 
7390	198 
7391	190 
7392	306 
7393	199 
7394	187 
7395	137 
7396	15 
7397	39 
7398	251 
7399	290 
7400	252 
7401	89 
7402	307 
7403	142 
7404	57 
7405	292 
7406	5 
7407	178 
7408	230 
7409	247 
7410	223 
7411	248 
7412	128 
7413	187 
7414	246 
7415	29 
7416	62 
7417	292 
7418	250 
7419	272 
7420	183 
7421	111 
7422	278 
7423	74 
7424	61 
7425	288 
7426	26 
7427	208 
7428	98 
7429	243 
7430	101 
7431	188 
7432	238 
7433	8 
7434	98 
7435	190 
7436	203 
7437	58 
7438	214 
7439	245 
7440	273 
7441	93 
7442	291 
7443	217 
7444	170 
7445	86 
7446	9 
7447	134 
7448	136 
7449	84 
7450	286 
7451	196 
7452	209 
7453	245 
7454	54 
7455	88 
7456	216 
7457	147 
7458	105 
7459	255 
7460	183 
7461	4 
7462	142 
7463	186 
7464	172 
7465	228 
7466	39 
7467	227 
7468	171 
7469	104 
7470	7 
7471	28 
7472	101 
7473	51 
7474	307 
7475	279 
7476	71 
7477	268 
7478	52 
7479	163 
7480	307 
7481	220 
7482	267 
7483	227 
7484	110 
7485	139 
7486	297 
7487	132 
7488	156 
7489	306 
7490	93 
7491	21 
7492	81 
7493	291 
7494	153 
7495	149 
7496	252 
7497	280 
7498	18 
7499	4 
7500	116 
7501	167 
7502	266 
7503	10 
7504	148 
7505	184 
7506	182 
7507	284 
7508	181 
7509	284 
7510	160 
7511	208 
7512	18 
7513	243 
7514	290 
7515	150 
7516	268 
7517	64 
7518	125 
7519	41 
7520	28 
7521	170 
7522	298 
7523	58 
7524	184 
7525	180 
7526	140 
7527	132 
7528	133 
7529	12 
7530	207 
7531	11 
7532	160 
7533	126 
7534	288 
7535	56 
7536	237 
7537	231 
7538	93 
7539	265 
7540	69 
7541	280 
7542	256 
7543	61 
7544	126 
7545	170 
7546	203 
7547	64 
7548	131 
7549	1 
7550	306 
7551	236 
7552	169 
7553	277 
7554	295 
7555	181 
7556	88 
7557	64 
7558	166 
7559	184 
7560	16 
7561	303 
7562	9 
7563	163 
7564	6 
7565	105 
7566	266 
7567	307 
7568	285 
7569	119 
7570	186 
7571	244 
7572	41 
7573	66 
7574	44 
7575	59 
7576	188 
7577	93 
7578	75 
7579	4 
7580	184 
7581	305 
7582	262 
7583	132 
7584	304 
7585	41 
7586	247 
7587	131 
7588	124 
7589	175 
7590	114 
7591	26 
7592	104 
7593	32 
7594	174 
7595	69 
7596	179 
7597	148 
7598	224 
7599	183 
7600	109 
7601	162 
7602	159 
7603	261 
7604	267 
7605	252 
7606	172 
7607	22 
7608	105 
7609	235 
7610	278 
7611	120 
7612	299 
7613	232 
7614	27 
7615	52 
7616	98 
7617	179 
7618	191 
7619	153 
7620	13 
7621	39 
7622	190 
7623	114 
7624	268 
7625	171 
7626	69 
7627	31 
7628	273 
7629	271 
7630	231 
7631	58 
7632	186 
7633	216 
7634	177 
7635	279 
7636	204 
7637	36 
7638	253 
7639	295 
7640	210 
7641	255 
7642	4 
7643	260 
7644	190 
7645	304 
7646	116 
7647	129 
7648	226 
7649	240 
7650	163 
7651	93 
7652	4 
7653	101 
7654	122 
7655	303 
7656	39 
7657	231 
7658	132 
7659	185 
7660	205 
7661	46 
7662	177 
7663	124 
7664	186 
7665	166 
7666	92 
7667	60 
7668	46 
7669	67 
7670	271 
7671	83 
7672	205 
7673	216 
7674	200 
7675	204 
7676	238 
7677	168 
7678	211 
7679	83 
7680	242 
7681	186 
7682	284 
7683	11 
7684	133 
7685	11 
7686	102 
7687	210 
7688	131 
7689	288 
7690	176 
7691	95 
7692	145 
7693	42 
7694	54 
7695	208 
7696	30 
7697	103 
7698	228 
7699	276 
7700	195 
7701	16 
7702	217 
7703	143 
7704	224 
7705	17 
7706	210 
7707	191 
7708	198 
7709	130 
7710	263 
7711	83 
7712	101 
7713	216 
7714	303 
7715	9 
7716	293 
7717	261 
7718	243 
7719	289 
7720	13 
7721	138 
7722	79 
7723	205 
7724	32 
7725	16 
7726	128 
7727	138 
7728	108 
7729	240 
7730	69 
7731	202 
7732	127 
7733	203 
7734	49 
7735	64 
7736	209 
7737	280 
7738	242 
7739	190 
7740	166 
7741	2 
7742	147 
7743	249 
7744	245 
7745	292 
7746	261 
7747	241 
7748	154 
7749	202 
7750	52 
7751	89 
7752	204 
7753	254 
7754	259 
7755	52 
7756	6 
7757	42 
7758	161 
7759	292 
7760	209 
7761	300 
7762	155 
7763	75 
7764	223 
7765	177 
7766	155 
7767	249 
7768	9 
7769	150 
7770	92 
7771	305 
7772	182 
7773	302 
7774	132 
7775	60 
7776	297 
7777	297 
7778	181 
7779	162 
7780	181 
7781	52 
7782	253 
7783	204 
7784	121 
7785	46 
7786	99 
7787	292 
7788	17 
7789	233 
7790	265 
7791	214 
7792	117 
7793	117 
7794	109 
7795	160 
7796	254 
7797	155 
7798	72 
7799	204 
7800	41 
7801	285 
7802	161 
7803	138 
7804	153 
7805	86 
7806	246 
7807	64 
7808	58 
7809	160 
7810	288 
7811	147 
7812	227 
7813	289 
7814	71 
7815	223 
7816	251 
7817	282 
7818	10 
7819	240 
7820	14 
7821	126 
7822	269 
7823	122 
7824	69 
7825	16 
7826	199 
7827	190 
7828	82 
7829	223 
7830	89 
7831	281 
7832	26 
7833	290 
7834	284 
7835	40 
7836	273 
7837	273 
7838	23 
7839	277 
7840	4 
7841	1 
7842	259 
7843	35 
7844	183 
7845	13 
7846	141 
7847	32 
7848	87 
7849	118 
7850	307 
7851	216 
7852	61 
7853	284 
7854	89 
7855	20 
7856	69 
7857	105 
7858	2 
7859	91 
7860	191 
7861	180 
7862	129 
7863	254 
7864	296 
7865	61 
7866	141 
7867	241 
7868	4 
7869	186 
7870	174 
7871	297 
7872	47 
7873	260 
7874	142 
7875	198 
7876	61 
7877	91 
7878	140 
7879	87 
7880	18 
7881	41 
7882	223 
7883	40 
7884	17 
7885	152 
7886	134 
7887	79 
7888	171 
7889	127 
7890	61 
7891	185 
7892	183 
7893	126 
7894	213 
7895	183 
7896	77 
7897	302 
7898	169 
7899	105 
7900	140 
7901	158 
7902	4 
7903	130 
7904	154 
7905	224 
7906	146 
7907	153 
7908	76 
7909	62 
7910	242 
7911	109 
7912	202 
7913	192 
7914	53 
7915	50 
7916	113 
7917	115 
7918	82 
7919	261 
7920	142 
7921	19 
7922	157 
7923	42 
7924	242 
7925	251 
7926	223 
7927	82 
7928	296 
7929	302 
7930	198 
7931	230 
7932	89 
7933	83 
7934	125 
7935	265 
7936	179 
7937	229 
7938	246 
7939	151 
7940	105 
7941	11 
7942	163 
7943	282 
7944	179 
7945	226 
7946	119 
7947	170 
7948	293 
7949	70 
7950	78 
7951	59 
7952	216 
7953	218 
7954	222 
7955	125 
7956	190 
7957	26 
7958	166 
7959	107 
7960	62 
7961	135 
7962	5 
7963	199 
7964	225 
7965	123 
7966	18 
7967	183 
7968	54 
7969	215 
7970	36 
7971	92 
7972	265 
7973	27 
7974	91 
7975	236 
7976	18 
7977	213 
7978	8 
7979	131 
7980	298 
7981	292 
7982	80 
7983	270 
7984	135 
7985	192 
7986	66 
7987	109 
7988	87 
7989	284 
7990	270 
7991	156 
7992	125 
7993	271 
7994	39 
7995	219 
7996	94 
7997	70 
7998	255 
7999	258 
8000	60 
8001	67 
8002	84 
8003	56 
8004	192 
8005	301 
8006	146 
8007	281 
8008	276 
8009	155 
8010	205 
8011	57 
8012	175 
8013	2 
8014	144 
8015	26 
8016	160 
8017	189 
8018	68 
8019	189 
8020	134 
8021	223 
8022	222 
8023	129 
8024	286 
8025	301 
8026	249 
8027	140 
8028	263 
8029	265 
8030	181 
8031	52 
8032	125 
8033	107 
8034	44 
8035	100 
8036	167 
8037	53 
8038	217 
8039	257 
8040	1 
8041	86 
8042	277 
8043	45 
8044	76 
8045	264 
8046	242 
8047	238 
8048	46 
8049	231 
8050	16 
8051	196 
8052	262 
8053	196 
8054	121 
8055	40 
8056	218 
8057	168 
8058	52 
8059	250 
8060	203 
8061	292 
8062	239 
8063	98 
8064	244 
8065	272 
8066	242 
8067	120 
8068	198 
8069	229 
8070	269 
8071	117 
8072	165 
8073	238 
8074	126 
8075	69 
8076	271 
8077	179 
8078	153 
8079	5 
8080	51 
8081	57 
8082	238 
8083	240 
8084	174 
8085	94 
8086	125 
8087	30 
8088	132 
8089	302 
8090	184 
8091	48 
8092	181 
8093	76 
8094	205 
8095	175 
8096	153 
8097	288 
8098	12 
8099	4 
8100	225 
8101	253 
8102	106 
8103	175 
8104	125 
8105	151 
8106	304 
8107	67 
8108	280 
8109	155 
8110	168 
8111	22 
8112	125 
8113	170 
8114	275 
8115	181 
8116	297 
8117	189 
8118	119 
8119	291 
8120	225 
8121	151 
8122	258 
8123	147 
8124	25 
8125	138 
8126	57 
8127	247 
8128	227 
8129	282 
8130	200 
8131	53 
8132	105 
8133	153 
8134	308 
8135	232 
8136	155 
8137	146 
8138	203 
8139	11 
8140	287 
8141	142 
8142	123 
8143	205 
8144	42 
8145	199 
8146	199 
8147	194 
8148	136 
8149	208 
8150	42 
8151	235 
8152	264 
8153	150 
8154	66 
8155	230 
8156	180 
8157	114 
8158	35 
8159	15 
8160	5 
8161	298 
8162	285 
8163	29 
8164	93 
8165	293 
8166	225 
8167	228 
8168	301 
8169	188 
8170	231 
8171	38 
8172	308 
8173	173 
8174	186 
8175	244 
8176	181 
8177	308 
8178	18 
8179	34 
8180	238 
8181	59 
8182	262 
8183	2 
8184	300 
8185	221 
8186	209 
8187	285 
8188	293 
8189	222 
8190	285 
8191	228 
8192	196 
8193	211 
8194	161 
8195	307 
8196	235 
8197	52 
8198	77 
8199	236 
8200	166 
8201	201 
8202	156 
8203	134 
8204	142 
8205	37 
8206	158 
8207	20 
8208	273 
8209	90 
8210	140 
8211	303 
8212	125 
8213	263 
8214	261 
8215	63 
8216	143 
8217	248 
8218	128 
8219	60 
8220	43 
8221	4 
8222	17 
8223	206 
8224	307 
8225	89 
8226	39 
8227	125 
8228	166 
8229	107 
8230	208 
8231	107 
8232	153 
8233	120 
8234	221 
8235	8 
8236	161 
8237	274 
8238	308 
8239	7 
8240	218 
8241	182 
8242	174 
8243	8 
8244	201 
8245	38 
8246	306 
8247	144 
8248	109 
8249	196 
8250	221 
8251	2 
8252	292 
8253	140 
8254	50 
8255	116 
8256	15 
8257	284 
8258	145 
8259	120 
8260	132 
8261	273 
8262	46 
8263	225 
8264	171 
8265	244 
8266	298 
8267	243 
8268	142 
8269	249 
8270	289 
8271	225 
8272	271 
8273	255 
8274	71 
8275	185 
8276	183 
8277	28 
8278	180 
8279	213 
8280	262 
8281	225 
8282	242 
8283	236 
8284	49 
8285	43 
8286	100 
8287	160 
8288	223 
8289	156 
8290	203 
8291	254 
8292	279 
8293	287 
8294	273 
8295	141 
8296	252 
8297	221 
8298	52 
8299	194 
8300	73 
8301	86 
8302	140 
8303	138 
8304	203 
8305	67 
8306	199 
8307	206 
8308	200 
8309	284 
8310	279 
8311	289 
8312	131 
8313	54 
8314	15 
8315	139 
8316	171 
8317	36 
8318	78 
8319	131 
8320	88 
8321	167 
8322	99 
8323	217 
8324	152 
8325	176 
8326	141 
8327	156 
8328	245 
8329	261 
8330	91 
8331	267 
8332	54 
8333	119 
8334	7 
8335	157 
8336	216 
8337	256 
8338	244 
8339	61 
8340	89 
8341	21 
8342	102 
8343	151 
8344	138 
8345	245 
8346	278 
8347	117 
8348	51 
8349	207 
8350	99 
8351	229 
8352	308 
8353	46 
8354	159 
8355	191 
8356	58 
8357	294 
8358	115 
8359	36 
8360	131 
8361	307 
8362	262 
8363	65 
8364	242 
8365	74 
8366	140 
8367	12 
8368	299 
8369	187 
8370	266 
8371	198 
8372	137 
8373	183 
8374	202 
8375	39 
8376	67 
8377	75 
8378	228 
8379	77 
8380	199 
8381	113 
8382	283 
8383	294 
8384	307 
8385	238 
8386	200 
8387	197 
8388	50 
8389	42 
8390	68 
8391	23 
8392	305 
8393	154 
8394	308 
8395	280 
8396	49 
8397	249 
8398	15 
8399	69 
8400	167 
8401	96 
8402	61 
8403	155 
8404	253 
8405	279 
8406	72 
8407	252 
8408	45 
8409	223 
8410	181 
8411	203 
8412	80 
8413	264 
8414	307 
8415	274 
8416	282 
8417	230 
8418	15 
8419	160 
8420	268 
8421	251 
8422	37 
8423	284 
8424	11 
8425	189 
8426	99 
8427	206 
8428	58 
8429	199 
8430	17 
8431	209 
8432	210 
8433	210 
8434	99 
8435	171 
8436	82 
8437	296 
8438	70 
8439	288 
8440	26 
8441	87 
8442	305 
8443	5 
8444	291 
8445	15 
8446	166 
8447	189 
8448	249 
8449	246 
8450	79 
8451	64 
8452	307 
8453	57 
8454	71 
8455	220 
8456	138 
8457	244 
8458	167 
8459	13 
8460	230 
8461	114 
8462	205 
8463	227 
8464	288 
8465	32 
8466	201 
8467	181 
8468	235 
8469	137 
8470	61 
8471	253 
8472	59 
8473	186 
8474	304 
8475	258 
8476	121 
8477	305 
8478	288 
8479	188 
8480	52 
8481	156 
8482	72 
8483	192 
8484	204 
8485	250 
8486	197 
8487	254 
8488	222 
8489	272 
8490	231 
8491	238 
8492	182 
8493	138 
8494	245 
8495	92 
8496	56 
8497	27 
8498	40 
8499	32 
8500	297 
8501	308 
8502	203 
8503	293 
8504	122 
8505	104 
8506	87 
8507	39 
8508	296 
8509	290 
8510	70 
8511	65 
8512	123 
8513	190 
8514	257 
8515	180 
8516	21 
8517	198 
8518	20 
8519	92 
8520	139 
8521	243 
8522	50 
8523	290 
8524	150 
8525	93 
8526	117 
8527	199 
8528	60 
8529	35 
8530	75 
8531	134 
8532	255 
8533	237 
8534	177 
8535	224 
8536	218 
8537	206 
8538	134 
8539	88 
8540	202 
8541	70 
8542	218 
8543	259 
8544	220 
8545	65 
8546	205 
8547	92 
8548	124 
8549	4 
8550	31 
8551	26 
8552	286 
8553	25 
8554	301 
8555	122 
8556	240 
8557	85 
8558	21 
8559	257 
8560	5 
8561	288 
8562	128 
8563	51 
8564	187 
8565	78 
8566	59 
8567	116 
8568	88 
8569	127 
8570	10 
8571	129 
8572	186 
8573	60 
8574	160 
8575	291 
8576	210 
8577	218 
8578	160 
8579	167 
8580	63 
8581	75 
8582	53 
8583	202 
8584	282 
8585	209 
8586	153 
8587	160 
8588	40 
8589	278 
8590	26 
8591	223 
8592	307 
8593	24 
8594	79 
8595	156 
8596	209 
8597	202 
8598	240 
8599	221 
8600	42 
8601	135 
8602	247 
8603	125 
8604	28 
8605	152 
8606	97 
8607	211 
8608	258 
8609	274 
8610	215 
8611	177 
8612	145 
8613	40 
8614	186 
8615	142 
8616	146 
8617	4 
8618	199 
8619	3 
8620	172 
8621	195 
8622	230 
8623	16 
8624	174 
8625	90 
8626	161 
8627	118 
8628	207 
8629	75 
8630	105 
8631	291 
8632	183 
8633	82 
8634	9 
8635	90 
8636	174 
8637	128 
8638	58 
8639	115 
8640	292 
8641	27 
8642	182 
8643	168 
8644	168 
8645	235 
8646	227 
8647	264 
8648	296 
8649	196 
8650	113 
8651	34 
8652	6 
8653	83 
8654	85 
8655	203 
8656	83 
8657	168 
8658	205 
8659	101 
8660	282 
8661	28 
8662	299 
8663	219 
8664	161 
8665	136 
8666	21 
8667	244 
8668	308 
8669	112 
8670	287 
8671	302 
8672	200 
8673	218 
8674	41 
8675	244 
8676	17 
8677	230 
8678	186 
8679	85 
8680	88 
8681	186 
8682	59 
8683	80 
8684	146 
8685	165 
8686	189 
8687	271 
8688	4 
8689	31 
8690	247 
8691	88 
8692	267 
8693	2 
8694	9 
8695	166 
8696	38 
8697	47 
8698	88 
8699	181 
8700	166 
8701	176 
8702	250 
8703	305 
8704	50 
8705	206 
8706	28 
8707	172 
8708	32 
8709	186 
8710	200 
8711	51 
8712	160 
8713	20 
8714	96 
8715	279 
8716	140 
8717	55 
8718	85 
8719	257 
8720	161 
8721	217 
8722	199 
8723	18 
8724	252 
8725	97 
8726	196 
8727	117 
8728	141 
8729	95 
8730	5 
8731	302 
8732	57 
8733	68 
8734	89 
8735	143 
8736	110 
8737	48 
8738	266 
8739	141 
8740	117 
8741	237 
8742	122 
8743	166 
8744	217 
8745	169 
8746	288 
8747	139 
8748	201 
8749	251 
8750	32 
8751	69 
8752	79 
8753	190 
8754	233 
8755	32 
8756	258 
8757	292 
8758	308 
8759	108 
8760	164 
8761	156 
8762	22 
8763	74 
8764	88 
8765	269 
8766	7 
8767	34 
8768	282 
8769	63 
8770	235 
8771	31 
8772	36 
8773	198 
8774	175 
8775	263 
8776	254 
8777	83 
8778	12 
8779	187 
8780	233 
8781	20 
8782	1 
8783	137 
8784	155 
8785	203 
8786	164 
8787	191 
8788	241 
8789	35 
8790	5 
8791	23 
8792	214 
8793	186 
8794	187 
8795	10 
8796	205 
8797	210 
8798	37 
8799	271 
8800	223 
8801	216 
8802	251 
8803	232 
8804	120 
8805	46 
8806	191 
8807	246 
8808	202 
8809	270 
8810	195 
8811	212 
8812	266 
8813	156 
8814	128 
8815	167 
8816	272 
8817	21 
8818	171 
8819	56 
8820	19 
8821	35 
8822	50 
8823	174 
8824	220 
8825	233 
8826	182 
8827	86 
8828	163 
8829	305 
8830	182 
8831	6 
8832	17 
8833	13 
8834	298 
8835	138 
8836	201 
8837	121 
8838	136 
8839	125 
8840	79 
8841	207 
8842	111 
8843	202 
8844	87 
8845	128 
8846	70 
8847	247 
8848	88 
8849	184 
8850	285 
8851	61 
8852	212 
8853	279 
8854	24 
8855	235 
8856	127 
8857	146 
8858	258 
8859	249 
8860	129 
8861	166 
8862	91 
8863	132 
8864	37 
8865	297 
8866	137 
8867	244 
8868	172 
8869	292 
8870	173 
8871	176 
8872	47 
8873	58 
8874	139 
8875	9 
8876	202 
8877	225 
8878	121 
8879	53 
8880	262 
8881	17 
8882	187 
8883	293 
8884	86 
8885	119 
8886	307 
8887	234 
8888	266 
8889	173 
8890	97 
8891	96 
8892	26 
8893	231 
8894	235 
8895	12 
8896	105 
8897	207 
8898	103 
8899	233 
8900	33 
8901	26 
8902	100 
8903	2 
8904	81 
8905	242 
8906	134 
8907	161 
8908	288 
8909	68 
8910	257 
8911	200 
8912	50 
8913	46 
8914	49 
8915	212 
8916	183 
8917	132 
8918	190 
8919	169 
8920	154 
8921	244 
8922	124 
8923	280 
8924	187 
8925	214 
8926	204 
8927	173 
8928	246 
8929	265 
8930	9 
8931	188 
8932	104 
8933	194 
8934	58 
8935	206 
8936	38 
8937	7 
8938	40 
8939	41 
8940	25 
8941	88 
8942	290 
8943	190 
8944	303 
8945	43 
8946	251 
8947	268 
8948	214 
8949	5 
8950	155 
8951	101 
8952	172 
8953	97 
8954	47 
8955	223 
8956	176 
8957	98 
8958	65 
8959	136 
8960	2 
8961	40 
8962	253 
8963	11 
8964	272 
8965	73 
8966	46 
8967	137 
8968	299 
8969	164 
8970	162 
8971	303 
8972	272 
8973	149 
8974	83 
8975	59 
8976	68 
8977	168 
8978	213 
8979	163 
8980	308 
8981	26 
8982	75 
8983	147 
8984	119 
8985	238 
8986	97 
8987	7 
8988	200 
8989	13 
8990	178 
8991	121 
8992	65 
8993	90 
8994	275 
8995	237 
8996	275 
8997	18 
8998	272 
8999	25 
9000	121 
9001	245 
9002	50 
9003	78 
9004	202 
9005	122 
9006	237 
9007	9 
9008	285 
9009	294 
9010	26 
9011	32 
9012	87 
9013	253 
9014	263 
9015	67 
9016	181 
9017	127 
9018	201 
9019	284 
9020	116 
9021	151 
9022	230 
9023	280 
9024	73 
9025	119 
9026	199 
9027	297 
9028	180 
9029	166 
9030	303 
9031	116 
9032	202 
9033	171 
9034	224 
9035	242 
9036	180 
9037	226 
9038	8 
9039	88 
9040	18 
9041	208 
9042	30 
9043	90 
9044	296 
9045	180 
9046	10 
9047	230 
9048	302 
9049	152 
9050	183 
9051	134 
9052	83 
9053	279 
9054	67 
9055	222 
9056	265 
9057	282 
9058	237 
9059	17 
9060	159 
9061	83 
9062	53 
9063	115 
9064	284 
9065	107 
9066	188 
9067	159 
9068	123 
9069	108 
9070	132 
9071	36 
9072	283 
9073	40 
9074	308 
9075	273 
9076	186 
9077	86 
9078	172 
9079	7 
9080	190 
9081	205 
9082	60 
9083	18 
9084	6 
9085	244 
9086	308 
9087	216 
9088	233 
9089	105 
9090	116 
9091	216 
9092	171 
9093	67 
9094	204 
9095	173 
9096	224 
9097	187 
9098	31 
9099	34 
9100	214 
9101	18 
9102	75 
9103	96 
9104	64 
9105	184 
9106	188 
9107	72 
9108	272 
9109	3 
9110	170 
9111	297 
9112	216 
9113	83 
9114	116 
9115	131 
9116	173 
9117	174 
9118	169 
9119	226 
9120	18 
9121	113 
9122	179 
9123	235 
9124	4 
9125	182 
9126	296 
9127	48 
9128	25 
9129	245 
9130	187 
9131	89 
9132	85 
9133	236 
9134	90 
9135	235 
9136	287 
9137	28 
9138	8 
9139	218 
9140	256 
9141	105 
9142	187 
9143	114 
9144	240 
9145	254 
9146	230 
9147	96 
9148	210 
9149	6 
9150	189 
9151	105 
9152	147 
9153	261 
9154	61 
9155	25 
9156	199 
9157	163 
9158	56 
9159	287 
9160	166 
9161	131 
9162	253 
9163	124 
9164	308 
9165	169 
9166	141 
9167	77 
9168	258 
9169	27 
9170	283 
9171	296 
9172	232 
9173	169 
9174	80 
9175	101 
9176	81 
9177	77 
9178	127 
9179	138 
9180	227 
9181	150 
9182	239 
9183	200 
9184	64 
9185	2 
9186	299 
9187	118 
9188	147 
9189	101 
9190	279 
9191	77 
9192	238 
9193	73 
9194	78 
9195	7 
9196	49 
9197	244 
9198	144 
9199	196 
9200	59 
9201	17 
9202	18 
9203	132 
9204	121 
9205	4 
9206	235 
9207	125 
9208	142 
9209	240 
9210	188 
9211	261 
9212	275 
9213	285 
9214	103 
9215	235 
9216	8 
9217	245 
9218	48 
9219	302 
9220	256 
9221	156 
9222	180 
9223	89 
9224	110 
9225	54 
9226	36 
9227	105 
9228	156 
9229	23 
9230	279 
9231	260 
9232	117 
9233	1 
9234	204 
9235	11 
9236	265 
9237	136 
9238	235 
9239	53 
9240	289 
9241	80 
9242	102 
9243	142 
9244	193 
9245	298 
9246	270 
9247	34 
9248	247 
9249	151 
9250	128 
9251	255 
9252	110 
9253	107 
9254	41 
9255	25 
9256	236 
9257	125 
9258	100 
9259	105 
9260	59 
9261	297 
9262	10 
9263	5 
9264	258 
9265	195 
9266	69 
9267	183 
9268	125 
9269	231 
9270	221 
9271	90 
9272	285 
9273	300 
9274	150 
9275	184 
9276	32 
9277	75 
9278	199 
9279	85 
9280	47 
9281	218 
9282	181 
9283	144 
9284	24 
9285	174 
9286	59 
9287	206 
9288	100 
9289	198 
9290	178 
9291	260 
9292	166 
9293	98 
9294	10 
9295	7 
9296	253 
9297	122 
9298	80 
9299	1 
9300	69 
9301	43 
9302	185 
9303	248 
9304	223 
9305	173 
9306	111 
9307	128 
9308	183 
9309	100 
9310	241 
9311	89 
9312	171 
9313	222 
9314	87 
9315	118 
9316	222 
9317	30 
9318	203 
9319	217 
9320	284 
9321	2 
9322	160 
9323	173 
9324	29 
9325	240 
9326	184 
9327	136 
9328	126 
9329	173 
9330	220 
9331	110 
9332	99 
9333	109 
9334	206 
9335	97 
9336	254 
9337	38 
9338	90 
9339	216 
9340	279 
9341	111 
9342	237 
9343	86 
9344	10 
9345	136 
9346	249 
9347	174 
9348	214 
9349	205 
9350	298 
9351	304 
9352	267 
9353	13 
9354	58 
9355	201 
9356	57 
9357	15 
9358	197 
9359	183 
9360	13 
9361	11 
9362	170 
9363	178 
9364	60 
9365	267 
9366	266 
9367	124 
9368	75 
9369	48 
9370	11 
9371	29 
9372	205 
9373	61 
9374	266 
9375	299 
9376	111 
9377	116 
9378	162 
9379	284 
9380	205 
9381	180 
9382	221 
9383	46 
9384	160 
9385	61 
9386	91 
9387	142 
9388	33 
9389	1 
9390	104 
9391	78 
9392	260 
9393	183 
9394	274 
9395	213 
9396	214 
9397	210 
9398	113 
9399	38 
9400	222 
9401	18 
9402	308 
9403	303 
9404	180 
9405	301 
9406	169 
9407	209 
9408	170 
9409	148 
9410	227 
9411	183 
9412	33 
9413	8 
9414	99 
9415	153 
9416	29 
9417	214 
9418	85 
9419	301 
9420	164 
9421	8 
9422	144 
9423	120 
9424	80 
9425	68 
9426	174 
9427	77 
9428	221 
9429	119 
9430	80 
9431	228 
9432	43 
9433	67 
9434	82 
9435	258 
9436	284 
9437	304 
9438	215 
9439	109 
9440	67 
9441	51 
9442	123 
9443	258 
9444	255 
9445	71 
9446	190 
9447	171 
9448	194 
9449	47 
9450	124 
9451	215 
9452	128 
9453	293 
9454	286 
9455	289 
9456	52 
9457	4 
9458	124 
9459	4 
9460	95 
9461	140 
9462	125 
9463	139 
9464	132 
9465	162 
9466	280 
9467	276 
9468	204 
9469	206 
9470	107 
9471	119 
9472	103 
9473	25 
9474	86 
9475	27 
9476	30 
9477	85 
9478	293 
9479	274 
9480	218 
9481	90 
9482	144 
9483	304 
9484	46 
9485	164 
9486	74 
9487	101 
9488	244 
9489	29 
9490	76 
9491	50 
9492	200 
9493	302 
9494	148 
9495	36 
9496	27 
9497	138 
9498	78 
9499	11 
9500	138 
9501	265 
9502	54 
9503	99 
9504	73 
9505	27 
9506	3 
9507	196 
9508	7 
9509	129 
9510	242 
9511	57 
9512	122 
9513	183 
9514	5 
9515	147 
9516	244 
9517	100 
9518	220 
9519	78 
9520	126 
9521	290 
9522	148 
9523	206 
9524	24 
9525	28 
9526	218 
9527	37 
9528	46 
9529	142 
9530	307 
9531	221 
9532	54 
9533	129 
9534	276 
9535	272 
9536	276 
9537	111 
9538	97 
9539	17 
9540	108 
9541	238 
9542	162 
9543	101 
9544	129 
9545	33 
9546	90 
9547	89 
9548	49 
9549	175 
9550	110 
9551	127 
9552	37 
9553	181 
9554	228 
9555	74 
9556	199 
9557	250 
9558	235 
9559	99 
9560	254 
9561	126 
9562	131 
9563	292 
9564	93 
9565	221 
9566	156 
9567	103 
9568	99 
9569	50 
9570	100 
9571	59 
9572	225 
9573	211 
9574	257 
9575	215 
9576	163 
9577	304 
9578	236 
9579	298 
9580	43 
9581	108 
9582	201 
9583	140 
9584	105 
9585	272 
9586	146 
9587	281 
9588	116 
9589	208 
9590	209 
9591	213 
9592	118 
9593	183 
9594	64 
9595	169 
9596	95 
9597	240 
9598	90 
9599	216 
9600	241 
9601	302 
9602	179 
9603	18 
9604	298 
9605	301 
9606	197 
9607	243 
9608	292 
9609	127 
9610	107 
9611	244 
9612	7 
9613	129 
9614	124 
9615	308 
9616	9 
9617	215 
9618	57 
9619	199 
9620	2 
9621	97 
9622	60 
9623	14 
9624	183 
9625	213 
9626	299 
9627	6 
9628	226 
9629	124 
9630	200 
9631	221 
9632	218 
9633	86 
9634	160 
9635	215 
9636	61 
9637	99 
9638	183 
9639	141 
9640	64 
9641	85 
9642	4 
9643	118 
9644	235 
9645	214 
9646	69 
9647	8 
9648	71 
9649	137 
9650	162 
9651	9 
9652	10 
9653	68 
9654	204 
9655	217 
9656	188 
9657	66 
9658	274 
9659	206 
9660	39 
9661	261 
9662	267 
9663	128 
9664	204 
9665	24 
9666	73 
9667	73 
9668	46 
9669	66 
9670	166 
9671	235 
9672	184 
9673	101 
9674	275 
9675	9 
9676	195 
9677	9 
9678	218 
9679	259 
9680	10 
9681	126 
9682	250 
9683	104 
9684	153 
9685	154 
9686	241 
9687	83 
9688	249 
9689	214 
9690	85 
9691	53 
9692	87 
9693	37 
9694	202 
9695	166 
9696	35 
9697	257 
9698	88 
9699	186 
9700	17 
9701	308 
9702	302 
9703	97 
9704	25 
9705	21 
9706	50 
9707	303 
9708	89 
9709	147 
9710	273 
9711	268 
9712	154 
9713	64 
9714	17 
9715	260 
9716	251 
9717	100 
9718	199 
9719	140 
9720	26 
9721	305 
9722	308 
9723	167 
9724	201 
9725	202 
9726	93 
9727	245 
9728	109 
9729	110 
9730	280 
9731	231 
9732	153 
9733	272 
9734	174 
9735	138 
9736	97 
9737	4 
9738	47 
9739	185 
9740	7 
9741	117 
9742	242 
9743	38 
9744	105 
9745	60 
9746	54 
9747	65 
9748	109 
9749	258 
9750	33 
9751	302 
9752	268 
9753	231 
9754	122 
9755	166 
9756	255 
9757	228 
9758	278 
9759	5 
9760	241 
9761	9 
9762	5 
9763	153 
9764	214 
9765	121 
9766	231 
9767	110 
9768	98 
9769	58 
9770	241 
9771	128 
9772	202 
9773	147 
9774	47 
9775	75 
9776	163 
9777	24 
9778	116 
9779	214 
9780	272 
9781	18 
9782	156 
9783	275 
9784	240 
9785	293 
9786	175 
9787	17 
9788	108 
9789	250 
9790	203 
9791	186 
9792	252 
9793	221 
9794	108 
9795	100 
9796	252 
9797	122 
9798	232 
9799	225 
9800	297 
9801	223 
9802	240 
9803	77 
9804	69 
9805	8 
9806	126 
9807	171 
9808	202 
9809	184 
9810	308 
9811	285 
9812	138 
9813	60 
9814	77 
9815	131 
9816	244 
9817	57 
9818	304 
9819	299 
9820	9 
9821	15 
9822	188 
9823	185 
9824	243 
9825	105 
9826	84 
9827	282 
9828	161 
9829	293 
9830	10 
9831	186 
9832	139 
9833	197 
9834	131 
9835	238 
9836	97 
9837	134 
9838	131 
9839	223 
9840	107 
9841	220 
9842	66 
9843	226 
9844	75 
9845	280 
9846	257 
9847	102 
9848	231 
9849	17 
9850	53 
9851	196 
9852	121 
9853	243 
9854	39 
9855	3 
9856	85 
9857	220 
9858	221 
9859	244 
9860	163 
9861	187 
9862	245 
9863	109 
9864	208 
9865	184 
9866	209 
9867	27 
9868	77 
9869	46 
9870	114 
9871	59 
9872	204 
9873	196 
9874	100 
9875	255 
9876	77 
9877	87 
9878	37 
9879	257 
9880	50 
9881	125 
9882	249 
9883	250 
9884	209 
9885	67 
9886	188 
9887	33 
9888	282 
9889	292 
9890	126 
9891	171 
9892	261 
9893	207 
9894	141 
9895	153 
9896	254 
9897	150 
9898	32 
9899	223 
9900	302 
9901	282 
9902	146 
9903	299 
9904	50 
9905	163 
9906	275 
9907	100 
9908	174 
9909	52 
9910	34 
9911	254 
9912	188 
9913	292 
9914	250 
9915	58 
9916	257 
9917	250 
9918	249 
9919	228 
9920	231 
9921	215 
9922	196 
9923	207 
9924	175 
9925	102 
9926	53 
9927	163 
9928	251 
9929	185 
9930	235 
9931	238 
9932	156 
9933	292 
9934	284 
9935	163 
9936	292 
9937	46 
9938	298 
9939	7 
9940	140 
9941	261 
9942	175 
9943	245 
9944	146 
9945	184 
9946	138 
9947	213 
9948	289 
9949	163 
9950	17 
9951	221 
9952	64 
9953	5 
9954	122 
9955	25 
9956	261 
9957	220 
9958	216 
9959	154 
9960	240 
9961	183 
9962	258 
9963	85 
9964	4 
9965	276 
9966	97 
9967	221 
9968	213 
9969	297 
9970	60 
9971	231 
9972	9 
9973	53 
9974	95 
9975	50 
9976	142 
9977	284 
9978	69 
9979	171 
9980	69 
9981	7 
9982	75 
9983	37 
9984	56 
9985	199 
9986	27 
9987	146 
9988	175 
9989	240 
9990	273 
9991	97 
9992	119 
9993	160 
9994	245 
9995	302 
9996	250 
9997	3 
9998	122 
9999	160 
10000	275 
