1	148 
2	182 
3	212 
4	51 
5	274 
6	305 
7	57 
8	114 
9	172 
10	278 
11	151 
12	93 
13	304 
14	111 
15	184 
16	52 
17	286 
18	21 
19	131 
20	240 
21	31 
22	167 
23	192 
24	93 
25	132 
26	13 
27	4 
28	76 
29	133 
30	118 
31	96 
32	306 
33	130 
34	90 
35	148 
36	299 
37	230 
38	132 
39	26 
40	304 
41	282 
42	193 
43	6 
44	134 
45	116 
46	27 
47	113 
48	141 
49	11 
50	106 
51	84 
52	61 
53	145 
54	44 
55	196 
56	125 
57	94 
58	30 
59	253 
60	21 
61	85 
62	9 
63	77 
64	285 
65	61 
66	257 
67	98 
68	143 
69	198 
70	254 
71	259 
72	75 
73	289 
74	217 
75	253 
76	270 
77	189 
78	27 
79	194 
80	305 
81	233 
82	6 
83	226 
84	86 
85	127 
86	174 
87	278 
88	53 
89	94 
90	48 
91	50 
92	293 
93	214 
94	23 
95	178 
96	86 
97	123 
98	84 
99	216 
100	232 
101	300 
102	257 
103	106 
104	18 
105	27 
106	184 
107	197 
108	148 
109	94 
110	155 
111	285 
112	14 
113	130 
114	300 
115	148 
116	262 
117	158 
118	115 
119	98 
120	194 
121	142 
122	120 
123	48 
124	280 
125	168 
126	74 
127	269 
128	190 
129	14 
130	137 
131	248 
132	82 
133	94 
134	26 
135	84 
136	124 
137	113 
138	64 
139	248 
140	212 
141	195 
142	6 
143	252 
144	207 
145	30 
146	267 
147	255 
148	214 
149	265 
150	178 
151	34 
152	189 
153	240 
154	221 
155	163 
156	94 
157	224 
158	65 
159	160 
160	216 
161	243 
162	152 
163	125 
164	128 
165	155 
166	270 
167	5 
168	123 
169	19 
170	218 
171	24 
172	111 
173	49 
174	68 
175	24 
176	181 
177	68 
178	263 
179	306 
180	200 
181	59 
182	125 
183	118 
184	95 
185	149 
186	210 
187	269 
188	130 
189	288 
190	70 
191	74 
192	306 
193	300 
194	20 
195	201 
196	108 
197	141 
198	67 
199	299 
200	216 
201	275 
202	118 
203	287 
204	33 
205	278 
206	82 
207	54 
208	176 
209	186 
210	140 
211	54 
212	304 
213	93 
214	46 
215	14 
216	25 
217	118 
218	34 
219	164 
220	240 
221	274 
222	55 
223	50 
224	92 
225	268 
226	25 
227	64 
228	159 
229	120 
230	189 
231	248 
232	160 
233	81 
234	4 
235	248 
236	191 
237	218 
238	156 
239	281 
240	262 
241	73 
242	142 
243	117 
244	97 
245	131 
246	99 
247	150 
248	155 
249	306 
250	216 
251	213 
252	89 
253	288 
254	145 
255	151 
256	64 
257	197 
258	36 
259	207 
260	125 
261	3 
262	149 
263	268 
264	136 
265	45 
266	274 
267	256 
268	204 
269	87 
270	112 
271	134 
272	34 
273	215 
274	26 
275	100 
276	260 
277	188 
278	38 
279	257 
280	45 
281	16 
282	291 
283	50 
284	197 
285	193 
286	174 
287	137 
288	34 
289	52 
290	275 
291	209 
292	225 
293	286 
294	188 
295	247 
296	288 
297	30 
298	170 
299	137 
300	120 
301	236 
302	142 
303	261 
304	123 
305	14 
306	262 
307	118 
308	267 
309	53 
310	147 
311	268 
312	260 
313	234 
314	152 
315	74 
316	151 
317	278 
318	125 
319	23 
320	141 
321	265 
322	70 
323	171 
324	234 
325	74 
326	51 
327	282 
328	258 
329	52 
330	13 
331	149 
332	274 
333	248 
334	154 
335	173 
336	228 
337	15 
338	14 
339	70 
340	297 
341	65 
342	64 
343	83 
344	16 
345	181 
346	177 
347	13 
348	95 
349	149 
350	231 
351	285 
352	219 
353	150 
354	10 
355	141 
356	298 
357	258 
358	238 
359	46 
360	27 
361	3 
362	301 
363	74 
364	214 
365	293 
366	64 
367	54 
368	160 
369	106 
370	123 
371	293 
372	30 
373	15 
374	228 
375	178 
376	195 
377	23 
378	131 
379	241 
380	210 
381	208 
382	128 
383	287 
384	7 
385	215 
386	205 
387	247 
388	131 
389	163 
390	269 
391	13 
392	31 
393	38 
394	123 
395	76 
396	138 
397	220 
398	306 
399	73 
400	3 
401	111 
402	269 
403	127 
404	144 
405	259 
406	181 
407	245 
408	120 
409	13 
410	171 
411	297 
412	40 
413	164 
414	133 
415	103 
416	236 
417	59 
418	151 
419	190 
420	145 
421	198 
422	70 
423	171 
424	182 
425	74 
426	197 
427	80 
428	84 
429	175 
430	192 
431	81 
432	274 
433	128 
434	2 
435	166 
436	116 
437	211 
438	132 
439	283 
440	168 
441	4 
442	18 
443	261 
444	300 
445	252 
446	195 
447	72 
448	68 
449	139 
450	31 
451	116 
452	138 
453	204 
454	195 
455	278 
456	296 
457	214 
458	216 
459	121 
460	230 
461	85 
462	184 
463	189 
464	31 
465	154 
466	13 
467	228 
468	74 
469	111 
470	87 
471	259 
472	227 
473	273 
474	22 
475	37 
476	183 
477	233 
478	254 
479	26 
480	139 
481	119 
482	19 
483	115 
484	7 
485	177 
486	164 
487	25 
488	147 
489	92 
490	221 
491	66 
492	304 
493	202 
494	36 
495	234 
496	141 
497	87 
498	224 
499	144 
500	76 
501	44 
502	18 
503	235 
504	251 
505	142 
506	65 
507	193 
508	64 
509	48 
510	302 
511	9 
512	281 
513	35 
514	142 
515	234 
516	235 
517	111 
518	179 
519	160 
520	177 
521	168 
522	34 
523	120 
524	3 
525	206 
526	201 
527	57 
528	146 
529	247 
530	244 
531	286 
532	95 
533	266 
534	19 
535	298 
536	218 
537	270 
538	183 
539	68 
540	258 
541	103 
542	246 
543	266 
544	61 
545	116 
546	171 
547	276 
548	162 
549	243 
550	164 
551	127 
552	274 
553	296 
554	95 
555	241 
556	25 
557	297 
558	273 
559	148 
560	11 
561	136 
562	51 
563	245 
564	232 
565	221 
566	301 
567	245 
568	72 
569	163 
570	135 
571	234 
572	17 
573	108 
574	129 
575	81 
576	186 
577	246 
578	276 
579	170 
580	307 
581	100 
582	5 
583	298 
584	189 
585	206 
586	140 
587	188 
588	57 
589	86 
590	248 
591	150 
592	130 
593	234 
594	68 
595	220 
596	234 
597	53 
598	43 
599	278 
600	272 
601	55 
602	6 
603	31 
604	110 
605	106 
606	27 
607	236 
608	199 
609	64 
610	39 
611	142 
612	94 
613	274 
614	93 
615	294 
616	35 
617	206 
618	8 
619	171 
620	140 
621	57 
622	69 
623	169 
624	40 
625	260 
626	252 
627	26 
628	203 
629	234 
630	277 
631	240 
632	93 
633	33 
634	16 
635	17 
636	264 
637	46 
638	177 
639	221 
640	274 
641	116 
642	187 
643	1 
644	270 
645	37 
646	39 
647	117 
648	31 
649	210 
650	214 
651	303 
652	237 
653	250 
654	156 
655	32 
656	115 
657	177 
658	120 
659	290 
660	303 
661	283 
662	241 
663	182 
664	56 
665	128 
666	17 
667	246 
668	269 
669	292 
670	307 
671	4 
672	228 
673	142 
674	68 
675	265 
676	263 
677	150 
678	16 
679	63 
680	2 
681	132 
682	167 
683	6 
684	10 
685	74 
686	254 
687	126 
688	236 
689	307 
690	242 
691	168 
692	151 
693	30 
694	173 
695	44 
696	160 
697	199 
698	207 
699	280 
700	283 
701	77 
702	144 
703	241 
704	48 
705	101 
706	249 
707	228 
708	133 
709	37 
710	17 
711	298 
712	153 
713	168 
714	222 
715	150 
716	5 
717	151 
718	251 
719	211 
720	190 
721	54 
722	233 
723	39 
724	305 
725	304 
726	131 
727	240 
728	256 
729	287 
730	214 
731	198 
732	182 
733	111 
734	93 
735	74 
736	159 
737	78 
738	162 
739	26 
740	4 
741	37 
742	200 
743	95 
744	195 
745	208 
746	172 
747	267 
748	192 
749	99 
750	241 
751	249 
752	201 
753	112 
754	293 
755	127 
756	200 
757	57 
758	240 
759	132 
760	107 
761	281 
762	203 
763	223 
764	112 
765	21 
766	30 
767	142 
768	209 
769	23 
770	122 
771	84 
772	238 
773	68 
774	20 
775	211 
776	269 
777	156 
778	99 
779	202 
780	292 
781	243 
782	222 
783	213 
784	168 
785	149 
786	257 
787	306 
788	90 
789	37 
790	33 
791	80 
792	199 
793	250 
794	296 
795	112 
796	144 
797	272 
798	73 
799	2 
800	251 
801	297 
802	230 
803	4 
804	278 
805	96 
806	199 
807	158 
808	284 
809	214 
810	134 
811	66 
812	115 
813	145 
814	207 
815	239 
816	198 
817	129 
818	193 
819	266 
820	7 
821	52 
822	10 
823	149 
824	171 
825	100 
826	252 
827	243 
828	26 
829	55 
830	220 
831	31 
832	82 
833	204 
834	96 
835	265 
836	235 
837	124 
838	163 
839	274 
840	99 
841	174 
842	11 
843	183 
844	295 
845	24 
846	257 
847	209 
848	152 
849	28 
850	69 
851	287 
852	245 
853	270 
854	161 
855	250 
856	234 
857	14 
858	10 
859	231 
860	148 
861	288 
862	214 
863	17 
864	34 
865	73 
866	302 
867	119 
868	61 
869	291 
870	25 
871	55 
872	41 
873	303 
874	64 
875	258 
876	217 
877	29 
878	13 
879	104 
880	243 
881	3 
882	274 
883	130 
884	141 
885	247 
886	232 
887	66 
888	211 
889	205 
890	232 
891	286 
892	59 
893	74 
894	116 
895	265 
896	140 
897	29 
898	279 
899	65 
900	47 
901	215 
902	172 
903	274 
904	247 
905	102 
906	147 
907	213 
908	3 
909	255 
910	66 
911	92 
912	46 
913	70 
914	183 
915	165 
916	198 
917	13 
918	261 
919	84 
920	47 
921	207 
922	185 
923	87 
924	16 
925	160 
926	79 
927	141 
928	65 
929	197 
930	106 
931	248 
932	30 
933	103 
934	178 
935	187 
936	245 
937	120 
938	196 
939	243 
940	37 
941	41 
942	208 
943	198 
944	238 
945	253 
946	276 
947	70 
948	120 
949	39 
950	48 
951	170 
952	183 
953	18 
954	164 
955	89 
956	17 
957	102 
958	219 
959	71 
960	276 
961	233 
962	91 
963	245 
964	131 
965	251 
966	75 
967	193 
968	23 
969	290 
970	283 
971	67 
972	96 
973	266 
974	46 
975	212 
976	126 
977	183 
978	279 
979	256 
980	6 
981	227 
982	279 
983	187 
984	238 
985	140 
986	33 
987	162 
988	56 
989	260 
990	195 
991	30 
992	188 
993	307 
994	187 
995	113 
996	300 
997	216 
998	186 
999	228 
1000	117 
1001	243 
1002	292 
1003	91 
1004	274 
1005	109 
1006	56 
1007	64 
1008	99 
1009	122 
1010	249 
1011	219 
1012	40 
1013	178 
1014	286 
1015	52 
1016	306 
1017	155 
1018	182 
1019	171 
1020	298 
1021	148 
1022	20 
1023	130 
1024	54 
1025	86 
1026	2 
1027	109 
1028	86 
1029	109 
1030	77 
1031	86 
1032	277 
1033	283 
1034	121 
1035	224 
1036	101 
1037	304 
1038	265 
1039	289 
1040	24 
1041	98 
1042	27 
1043	81 
1044	55 
1045	2 
1046	130 
1047	48 
1048	154 
1049	188 
1050	24 
1051	27 
1052	89 
1053	279 
1054	11 
1055	209 
1056	183 
1057	91 
1058	31 
1059	57 
1060	265 
1061	284 
1062	36 
1063	103 
1064	111 
1065	208 
1066	228 
1067	284 
1068	112 
1069	8 
1070	142 
1071	256 
1072	252 
1073	266 
1074	111 
1075	198 
1076	228 
1077	270 
1078	277 
1079	101 
1080	100 
1081	53 
1082	167 
1083	21 
1084	232 
1085	231 
1086	48 
1087	59 
1088	135 
1089	52 
1090	52 
1091	129 
1092	26 
1093	86 
1094	144 
1095	263 
1096	98 
1097	70 
1098	2 
1099	241 
1100	30 
1101	181 
1102	273 
1103	139 
1104	216 
1105	108 
1106	97 
1107	159 
1108	289 
1109	231 
1110	160 
1111	139 
1112	204 
1113	37 
1114	87 
1115	287 
1116	46 
1117	142 
1118	73 
1119	247 
1120	106 
1121	174 
1122	273 
1123	169 
1124	11 
1125	114 
1126	7 
1127	225 
1128	16 
1129	259 
1130	247 
1131	164 
1132	160 
1133	221 
1134	87 
1135	196 
1136	252 
1137	157 
1138	129 
1139	13 
1140	14 
1141	94 
1142	11 
1143	221 
1144	23 
1145	131 
1146	162 
1147	121 
1148	221 
1149	259 
1150	278 
1151	293 
1152	175 
1153	307 
1154	65 
1155	94 
1156	71 
1157	206 
1158	112 
1159	183 
1160	198 
1161	103 
1162	60 
1163	46 
1164	114 
1165	302 
1166	243 
1167	228 
1168	114 
1169	181 
1170	35 
1171	154 
1172	286 
1173	6 
1174	183 
1175	210 
1176	23 
1177	278 
1178	163 
1179	14 
1180	201 
1181	120 
1182	155 
1183	182 
1184	287 
1185	186 
1186	281 
1187	62 
1188	204 
1189	56 
1190	228 
1191	292 
1192	22 
1193	120 
1194	229 
1195	145 
1196	279 
1197	207 
1198	175 
1199	116 
1200	284 
1201	266 
1202	83 
1203	207 
1204	300 
1205	283 
1206	305 
1207	50 
1208	218 
1209	280 
1210	59 
1211	165 
1212	267 
1213	27 
1214	165 
1215	52 
1216	267 
1217	92 
1218	72 
1219	18 
1220	61 
1221	11 
1222	25 
1223	300 
1224	261 
1225	60 
1226	205 
1227	93 
1228	155 
1229	273 
1230	273 
1231	149 
1232	50 
1233	209 
1234	158 
1235	277 
1236	97 
1237	266 
1238	160 
1239	187 
1240	236 
1241	141 
1242	196 
1243	240 
1244	114 
1245	72 
1246	106 
1247	257 
1248	180 
1249	266 
1250	191 
1251	28 
1252	12 
1253	198 
1254	50 
1255	189 
1256	34 
1257	287 
1258	256 
1259	205 
1260	120 
1261	264 
1262	151 
1263	159 
1264	27 
1265	253 
1266	216 
1267	196 
1268	266 
1269	80 
1270	96 
1271	289 
1272	300 
1273	300 
1274	85 
1275	29 
1276	13 
1277	87 
1278	269 
1279	305 
1280	106 
1281	44 
1282	53 
1283	93 
1284	80 
1285	8 
1286	39 
1287	179 
1288	67 
1289	110 
1290	80 
1291	140 
1292	22 
1293	146 
1294	213 
1295	82 
1296	154 
1297	121 
1298	120 
1299	297 
1300	296 
1301	103 
1302	17 
1303	143 
1304	231 
1305	151 
1306	190 
1307	75 
1308	58 
1309	281 
1310	153 
1311	230 
1312	179 
1313	279 
1314	227 
1315	46 
1316	126 
1317	133 
1318	191 
1319	236 
1320	115 
1321	295 
1322	202 
1323	16 
1324	296 
1325	76 
1326	275 
1327	182 
1328	41 
1329	116 
1330	274 
1331	50 
1332	287 
1333	67 
1334	209 
1335	235 
1336	163 
1337	283 
1338	185 
1339	167 
1340	125 
1341	216 
1342	89 
1343	84 
1344	214 
1345	269 
1346	306 
1347	229 
1348	257 
1349	243 
1350	32 
1351	142 
1352	27 
1353	239 
1354	50 
1355	129 
1356	274 
1357	160 
1358	230 
1359	141 
1360	289 
1361	111 
1362	171 
1363	274 
1364	228 
1365	213 
1366	120 
1367	230 
1368	111 
1369	50 
1370	33 
1371	272 
1372	24 
1373	152 
1374	82 
1375	212 
1376	6 
1377	194 
1378	23 
1379	54 
1380	87 
1381	236 
1382	126 
1383	5 
1384	155 
1385	9 
1386	300 
1387	15 
1388	230 
1389	220 
1390	30 
1391	110 
1392	164 
1393	231 
1394	36 
1395	301 
1396	271 
1397	26 
1398	287 
1399	228 
1400	215 
1401	304 
1402	173 
1403	191 
1404	291 
1405	180 
1406	288 
1407	275 
1408	67 
1409	274 
1410	128 
1411	282 
1412	55 
1413	240 
1414	159 
1415	174 
1416	26 
1417	124 
1418	14 
1419	252 
1420	96 
1421	159 
1422	76 
1423	9 
1424	12 
1425	284 
1426	300 
1427	9 
1428	186 
1429	221 
1430	191 
1431	123 
1432	160 
1433	197 
1434	157 
1435	131 
1436	140 
1437	213 
1438	65 
1439	35 
1440	90 
1441	98 
1442	133 
1443	296 
1444	170 
1445	281 
1446	277 
1447	150 
1448	111 
1449	49 
1450	79 
1451	48 
1452	116 
1453	40 
1454	105 
1455	284 
1456	126 
1457	14 
1458	299 
1459	99 
1460	207 
1461	283 
1462	82 
1463	35 
1464	213 
1465	230 
1466	10 
1467	294 
1468	69 
1469	75 
1470	267 
1471	9 
1472	240 
1473	149 
1474	291 
1475	65 
1476	59 
1477	57 
1478	23 
1479	258 
1480	277 
1481	155 
1482	287 
1483	267 
1484	295 
1485	240 
1486	207 
1487	116 
1488	263 
1489	192 
1490	279 
1491	166 
1492	250 
1493	300 
1494	127 
1495	307 
1496	91 
1497	22 
1498	4 
1499	66 
1500	125 
1501	263 
1502	258 
1503	126 
1504	99 
1505	135 
1506	198 
1507	201 
1508	92 
1509	62 
1510	30 
1511	241 
1512	171 
1513	242 
1514	283 
1515	161 
1516	204 
1517	272 
1518	59 
1519	148 
1520	213 
1521	188 
1522	188 
1523	18 
1524	274 
1525	286 
1526	13 
1527	137 
1528	24 
1529	272 
1530	213 
1531	197 
1532	64 
1533	266 
1534	13 
1535	16 
1536	93 
1537	303 
1538	133 
1539	21 
1540	126 
1541	48 
1542	219 
1543	254 
1544	72 
1545	152 
1546	190 
1547	54 
1548	182 
1549	245 
1550	268 
1551	89 
1552	108 
1553	90 
1554	191 
1555	249 
1556	89 
1557	65 
1558	64 
1559	20 
1560	262 
1561	191 
1562	36 
1563	64 
1564	220 
1565	189 
1566	283 
1567	212 
1568	212 
1569	205 
1570	77 
1571	149 
1572	239 
1573	307 
1574	299 
1575	154 
1576	82 
1577	122 
1578	234 
1579	191 
1580	180 
1581	230 
1582	234 
1583	281 
1584	224 
1585	125 
1586	219 
1587	45 
1588	271 
1589	145 
1590	229 
1591	66 
1592	110 
1593	230 
1594	243 
1595	206 
1596	172 
1597	155 
1598	17 
1599	295 
1600	211 
1601	218 
1602	111 
1603	182 
1604	232 
1605	170 
1606	264 
1607	171 
1608	184 
1609	303 
1610	117 
1611	287 
1612	198 
1613	285 
1614	270 
1615	44 
1616	18 
1617	267 
1618	267 
1619	241 
1620	248 
1621	15 
1622	88 
1623	233 
1624	284 
1625	149 
1626	9 
1627	238 
1628	151 
1629	219 
1630	215 
1631	186 
1632	166 
1633	184 
1634	24 
1635	299 
1636	117 
1637	217 
1638	65 
1639	128 
1640	19 
1641	265 
1642	209 
1643	191 
1644	191 
1645	230 
1646	186 
1647	248 
1648	243 
1649	210 
1650	95 
1651	38 
1652	274 
1653	81 
1654	284 
1655	31 
1656	109 
1657	189 
1658	282 
1659	173 
1660	62 
1661	40 
1662	67 
1663	35 
1664	215 
1665	268 
1666	263 
1667	23 
1668	88 
1669	106 
1670	238 
1671	152 
1672	98 
1673	173 
1674	93 
1675	238 
1676	223 
1677	306 
1678	4 
1679	230 
1680	182 
1681	177 
1682	210 
1683	14 
1684	7 
1685	204 
1686	203 
1687	250 
1688	154 
1689	76 
1690	81 
1691	259 
1692	1 
1693	209 
1694	304 
1695	233 
1696	307 
1697	60 
1698	296 
1699	186 
1700	63 
1701	37 
1702	221 
1703	138 
1704	4 
1705	171 
1706	191 
1707	137 
1708	118 
1709	302 
1710	67 
1711	20 
1712	65 
1713	44 
1714	303 
1715	110 
1716	59 
1717	51 
1718	93 
1719	212 
1720	212 
1721	206 
1722	55 
1723	77 
1724	245 
1725	82 
1726	32 
1727	82 
1728	122 
1729	212 
1730	73 
1731	232 
1732	164 
1733	5 
1734	198 
1735	188 
1736	75 
1737	110 
1738	223 
1739	8 
1740	148 
1741	111 
1742	271 
1743	86 
1744	290 
1745	182 
1746	74 
1747	146 
1748	186 
1749	271 
1750	242 
1751	160 
1752	214 
1753	63 
1754	29 
1755	274 
1756	113 
1757	281 
1758	93 
1759	215 
1760	173 
1761	142 
1762	91 
1763	81 
1764	15 
1765	202 
1766	59 
1767	43 
1768	33 
1769	89 
1770	208 
1771	112 
1772	1 
1773	174 
1774	128 
1775	253 
1776	281 
1777	249 
1778	74 
1779	264 
1780	200 
1781	190 
1782	307 
1783	90 
1784	303 
1785	277 
1786	24 
1787	306 
1788	87 
1789	304 
1790	97 
1791	77 
1792	292 
1793	290 
1794	136 
1795	61 
1796	113 
1797	241 
1798	211 
1799	185 
1800	271 
1801	147 
1802	212 
1803	76 
1804	103 
1805	92 
1806	49 
1807	62 
1808	152 
1809	91 
1810	191 
1811	207 
1812	280 
1813	22 
1814	186 
1815	85 
1816	111 
1817	26 
1818	298 
1819	74 
1820	154 
1821	20 
1822	260 
1823	123 
1824	296 
1825	135 
1826	250 
1827	139 
1828	121 
1829	135 
1830	52 
1831	175 
1832	126 
1833	48 
1834	47 
1835	144 
1836	197 
1837	154 
1838	289 
1839	145 
1840	39 
1841	32 
1842	70 
1843	297 
1844	275 
1845	264 
1846	151 
1847	261 
1848	16 
1849	235 
1850	84 
1851	223 
1852	285 
1853	84 
1854	137 
1855	37 
1856	142 
1857	134 
1858	164 
1859	153 
1860	183 
1861	51 
1862	273 
1863	104 
1864	98 
1865	153 
1866	22 
1867	114 
1868	170 
1869	298 
1870	62 
1871	159 
1872	26 
1873	203 
1874	106 
1875	271 
1876	82 
1877	142 
1878	186 
1879	191 
1880	121 
1881	274 
1882	281 
1883	120 
1884	306 
1885	278 
1886	5 
1887	264 
1888	266 
1889	50 
1890	206 
1891	54 
1892	243 
1893	27 
1894	106 
1895	136 
1896	132 
1897	251 
1898	148 
1899	148 
1900	271 
1901	247 
1902	152 
1903	228 
1904	127 
1905	258 
1906	90 
1907	7 
1908	168 
1909	227 
1910	269 
1911	281 
1912	233 
1913	200 
1914	215 
1915	25 
1916	103 
1917	213 
1918	91 
1919	177 
1920	191 
1921	85 
1922	6 
1923	14 
1924	244 
1925	188 
1926	125 
1927	9 
1928	237 
1929	10 
1930	195 
1931	126 
1932	55 
1933	124 
1934	295 
1935	256 
1936	199 
1937	61 
1938	174 
1939	165 
1940	186 
1941	217 
1942	240 
1943	173 
1944	151 
1945	61 
1946	273 
1947	4 
1948	48 
1949	54 
1950	299 
1951	86 
1952	131 
1953	278 
1954	254 
1955	299 
1956	73 
1957	167 
1958	132 
1959	4 
1960	126 
1961	13 
1962	283 
1963	288 
1964	245 
1965	141 
1966	127 
1967	170 
1968	7 
1969	173 
1970	248 
1971	151 
1972	125 
1973	85 
1974	174 
1975	36 
1976	283 
1977	278 
1978	72 
1979	214 
1980	138 
1981	84 
1982	261 
1983	123 
1984	34 
1985	236 
1986	138 
1987	68 
1988	232 
1989	138 
1990	290 
1991	25 
1992	59 
1993	103 
1994	134 
1995	283 
1996	271 
1997	191 
1998	239 
1999	194 
2000	34 
2001	94 
2002	139 
2003	201 
2004	111 
2005	287 
2006	304 
2007	16 
2008	73 
2009	34 
2010	191 
2011	130 
2012	205 
2013	290 
2014	274 
2015	174 
2016	243 
2017	277 
2018	242 
2019	47 
2020	9 
2021	232 
2022	5 
2023	98 
2024	303 
2025	179 
2026	63 
2027	173 
2028	275 
2029	81 
2030	168 
2031	214 
2032	182 
2033	271 
2034	135 
2035	174 
2036	103 
2037	189 
2038	281 
2039	162 
2040	150 
2041	74 
2042	121 
2043	188 
2044	263 
2045	237 
2046	120 
2047	237 
2048	245 
2049	258 
2050	239 
2051	2 
2052	100 
2053	236 
2054	268 
2055	64 
2056	157 
2057	34 
2058	60 
2059	296 
2060	53 
2061	97 
2062	180 
2063	277 
2064	96 
2065	38 
2066	202 
2067	145 
2068	80 
2069	160 
2070	111 
2071	13 
2072	135 
2073	126 
2074	272 
2075	209 
2076	159 
2077	146 
2078	159 
2079	149 
2080	181 
2081	62 
2082	187 
2083	141 
2084	95 
2085	166 
2086	149 
2087	81 
2088	275 
2089	70 
2090	121 
2091	55 
2092	65 
2093	137 
2094	171 
2095	138 
2096	215 
2097	68 
2098	224 
2099	70 
2100	88 
2101	202 
2102	187 
2103	139 
2104	302 
2105	6 
2106	205 
2107	31 
2108	96 
2109	193 
2110	20 
2111	291 
2112	205 
2113	189 
2114	146 
2115	304 
2116	53 
2117	6 
2118	68 
2119	258 
2120	239 
2121	263 
2122	26 
2123	261 
2124	293 
2125	11 
2126	227 
2127	66 
2128	202 
2129	253 
2130	229 
2131	167 
2132	49 
2133	141 
2134	125 
2135	132 
2136	138 
2137	162 
2138	24 
2139	20 
2140	26 
2141	202 
2142	245 
2143	160 
2144	226 
2145	152 
2146	74 
2147	53 
2148	48 
2149	118 
2150	109 
2151	17 
2152	54 
2153	5 
2154	101 
2155	166 
2156	9 
2157	194 
2158	265 
2159	54 
2160	116 
2161	289 
2162	156 
2163	223 
2164	250 
2165	223 
2166	232 
2167	75 
2168	191 
2169	81 
2170	228 
2171	17 
2172	81 
2173	248 
2174	215 
2175	170 
2176	226 
2177	74 
2178	148 
2179	277 
2180	271 
2181	118 
2182	177 
2183	6 
2184	44 
2185	128 
2186	253 
2187	130 
2188	224 
2189	163 
2190	170 
2191	177 
2192	183 
2193	138 
2194	34 
2195	121 
2196	149 
2197	86 
2198	83 
2199	201 
2200	81 
2201	20 
2202	299 
2203	301 
2204	268 
2205	159 
2206	68 
2207	205 
2208	5 
2209	305 
2210	186 
2211	157 
2212	31 
2213	286 
2214	263 
2215	251 
2216	106 
2217	199 
2218	229 
2219	161 
2220	137 
2221	193 
2222	292 
2223	268 
2224	183 
2225	167 
2226	244 
2227	62 
2228	84 
2229	94 
2230	296 
2231	5 
2232	240 
2233	86 
2234	144 
2235	290 
2236	113 
2237	152 
2238	182 
2239	65 
2240	147 
2241	27 
2242	197 
2243	37 
2244	159 
2245	104 
2246	235 
2247	229 
2248	264 
2249	112 
2250	151 
2251	109 
2252	252 
2253	35 
2254	241 
2255	84 
2256	160 
2257	162 
2258	4 
2259	116 
2260	190 
2261	187 
2262	108 
2263	123 
2264	244 
2265	248 
2266	66 
2267	184 
2268	75 
2269	214 
2270	144 
2271	300 
2272	48 
2273	232 
2274	9 
2275	218 
2276	21 
2277	96 
2278	234 
2279	296 
2280	84 
2281	223 
2282	301 
2283	138 
2284	277 
2285	119 
2286	134 
2287	28 
2288	207 
2289	153 
2290	176 
2291	214 
2292	235 
2293	21 
2294	30 
2295	248 
2296	88 
2297	179 
2298	19 
2299	145 
2300	148 
2301	113 
2302	102 
2303	157 
2304	17 
2305	93 
2306	85 
2307	6 
2308	43 
2309	39 
2310	191 
2311	3 
2312	234 
2313	131 
2314	91 
2315	242 
2316	106 
2317	17 
2318	153 
2319	167 
2320	161 
2321	205 
2322	52 
2323	12 
2324	81 
2325	27 
2326	73 
2327	66 
2328	223 
2329	214 
2330	98 
2331	212 
2332	171 
2333	296 
2334	252 
2335	215 
2336	236 
2337	3 
2338	255 
2339	294 
2340	75 
2341	128 
2342	287 
2343	79 
2344	64 
2345	56 
2346	160 
2347	9 
2348	33 
2349	288 
2350	59 
2351	20 
2352	206 
2353	52 
2354	279 
2355	86 
2356	60 
2357	243 
2358	240 
2359	291 
2360	209 
2361	214 
2362	232 
2363	197 
2364	296 
2365	236 
2366	135 
2367	244 
2368	2 
2369	275 
2370	130 
2371	176 
2372	252 
2373	189 
2374	67 
2375	263 
2376	139 
2377	198 
2378	13 
2379	141 
2380	134 
2381	191 
2382	294 
2383	100 
2384	100 
2385	114 
2386	185 
2387	232 
2388	181 
2389	198 
2390	120 
2391	22 
2392	70 
2393	278 
2394	32 
2395	34 
2396	40 
2397	210 
2398	283 
2399	260 
2400	266 
2401	277 
2402	203 
2403	39 
2404	66 
2405	134 
2406	298 
2407	249 
2408	68 
2409	281 
2410	303 
2411	135 
2412	31 
2413	229 
2414	37 
2415	214 
2416	275 
2417	21 
2418	76 
2419	21 
2420	306 
2421	307 
2422	157 
2423	72 
2424	52 
2425	2 
2426	110 
2427	44 
2428	304 
2429	194 
2430	160 
2431	53 
2432	155 
2433	28 
2434	96 
2435	154 
2436	158 
2437	212 
2438	51 
2439	51 
2440	38 
2441	90 
2442	56 
2443	170 
2444	115 
2445	134 
2446	16 
2447	284 
2448	137 
2449	4 
2450	58 
2451	161 
2452	134 
2453	219 
2454	236 
2455	100 
2456	280 
2457	15 
2458	181 
2459	3 
2460	228 
2461	108 
2462	34 
2463	189 
2464	159 
2465	161 
2466	116 
2467	238 
2468	146 
2469	37 
2470	168 
2471	205 
2472	107 
2473	126 
2474	282 
2475	74 
2476	200 
2477	236 
2478	27 
2479	171 
2480	247 
2481	204 
2482	253 
2483	159 
2484	285 
2485	155 
2486	243 
2487	111 
2488	149 
2489	286 
2490	148 
2491	67 
2492	119 
2493	42 
2494	225 
2495	117 
2496	44 
2497	130 
2498	83 
2499	29 
2500	260 
2501	3 
2502	93 
2503	112 
2504	211 
2505	160 
2506	75 
2507	258 
2508	78 
2509	7 
2510	263 
2511	206 
2512	70 
2513	169 
2514	183 
2515	229 
2516	166 
2517	68 
2518	148 
2519	253 
2520	255 
2521	51 
2522	191 
2523	61 
2524	149 
2525	28 
2526	158 
2527	210 
2528	131 
2529	304 
2530	213 
2531	265 
2532	230 
2533	10 
2534	148 
2535	296 
2536	127 
2537	212 
2538	144 
2539	253 
2540	111 
2541	240 
2542	219 
2543	303 
2544	114 
2545	213 
2546	170 
2547	121 
2548	26 
2549	48 
2550	222 
2551	195 
2552	151 
2553	284 
2554	156 
2555	197 
2556	164 
2557	46 
2558	56 
2559	156 
2560	235 
2561	107 
2562	161 
2563	143 
2564	174 
2565	83 
2566	227 
2567	197 
2568	161 
2569	231 
2570	161 
2571	29 
2572	249 
2573	67 
2574	215 
2575	3 
2576	56 
2577	32 
2578	114 
2579	70 
2580	119 
2581	94 
2582	138 
2583	10 
2584	209 
2585	24 
2586	256 
2587	278 
2588	168 
2589	125 
2590	260 
2591	262 
2592	301 
2593	100 
2594	16 
2595	93 
2596	197 
2597	46 
2598	25 
2599	190 
2600	117 
2601	46 
2602	29 
2603	42 
2604	77 
2605	270 
2606	183 
2607	237 
2608	141 
2609	117 
2610	127 
2611	250 
2612	247 
2613	241 
2614	283 
2615	185 
2616	278 
2617	122 
2618	165 
2619	55 
2620	195 
2621	151 
2622	299 
2623	67 
2624	145 
2625	300 
2626	301 
2627	285 
2628	59 
2629	276 
2630	121 
2631	169 
2632	225 
2633	74 
2634	90 
2635	145 
2636	207 
2637	8 
2638	158 
2639	65 
2640	48 
2641	50 
2642	294 
2643	187 
2644	206 
2645	188 
2646	110 
2647	182 
2648	96 
2649	250 
2650	218 
2651	276 
2652	15 
2653	219 
2654	256 
2655	255 
2656	109 
2657	29 
2658	36 
2659	12 
2660	302 
2661	277 
2662	210 
2663	249 
2664	262 
2665	29 
2666	121 
2667	273 
2668	236 
2669	276 
2670	5 
2671	115 
2672	194 
2673	234 
2674	178 
2675	281 
2676	214 
2677	56 
2678	232 
2679	54 
2680	134 
2681	204 
2682	179 
2683	49 
2684	48 
2685	193 
2686	76 
2687	67 
2688	104 
2689	173 
2690	52 
2691	257 
2692	160 
2693	86 
2694	234 
2695	269 
2696	305 
2697	14 
2698	34 
2699	40 
2700	109 
2701	160 
2702	69 
2703	144 
2704	23 
2705	123 
2706	272 
2707	286 
2708	3 
2709	218 
2710	89 
2711	47 
2712	152 
2713	298 
2714	230 
2715	11 
2716	96 
2717	299 
2718	138 
2719	91 
2720	9 
2721	83 
2722	248 
2723	14 
2724	277 
2725	11 
2726	20 
2727	106 
2728	134 
2729	133 
2730	254 
2731	215 
2732	5 
2733	119 
2734	171 
2735	40 
2736	287 
2737	89 
2738	301 
2739	19 
2740	88 
2741	148 
2742	161 
2743	136 
2744	278 
2745	110 
2746	289 
2747	275 
2748	175 
2749	30 
2750	30 
2751	142 
2752	76 
2753	163 
2754	279 
2755	11 
2756	248 
2757	82 
2758	275 
2759	260 
2760	276 
2761	212 
2762	210 
2763	214 
2764	304 
2765	83 
2766	206 
2767	148 
2768	160 
2769	231 
2770	56 
2771	306 
2772	94 
2773	273 
2774	102 
2775	28 
2776	250 
2777	250 
2778	178 
2779	117 
2780	169 
2781	240 
2782	42 
2783	74 
2784	106 
2785	129 
2786	61 
2787	114 
2788	94 
2789	240 
2790	104 
2791	202 
2792	86 
2793	18 
2794	51 
2795	90 
2796	176 
2797	95 
2798	16 
2799	229 
2800	209 
2801	303 
2802	154 
2803	114 
2804	298 
2805	233 
2806	189 
2807	122 
2808	57 
2809	283 
2810	155 
2811	66 
2812	187 
2813	167 
2814	82 
2815	103 
2816	240 
2817	304 
2818	247 
2819	147 
2820	146 
2821	121 
2822	104 
2823	74 
2824	197 
2825	247 
2826	181 
2827	160 
2828	38 
2829	190 
2830	101 
2831	22 
2832	222 
2833	226 
2834	294 
2835	14 
2836	3 
2837	56 
2838	293 
2839	84 
2840	213 
2841	196 
2842	290 
2843	157 
2844	219 
2845	140 
2846	24 
2847	210 
2848	58 
2849	196 
2850	300 
2851	144 
2852	146 
2853	81 
2854	101 
2855	126 
2856	255 
2857	71 
2858	261 
2859	36 
2860	78 
2861	250 
2862	6 
2863	26 
2864	238 
2865	96 
2866	134 
2867	119 
2868	101 
2869	223 
2870	40 
2871	264 
2872	29 
2873	296 
2874	1 
2875	9 
2876	15 
2877	49 
2878	159 
2879	191 
2880	23 
2881	186 
2882	34 
2883	183 
2884	81 
2885	48 
2886	270 
2887	247 
2888	63 
2889	27 
2890	47 
2891	289 
2892	195 
2893	8 
2894	232 
2895	126 
2896	307 
2897	184 
2898	74 
2899	279 
2900	269 
2901	76 
2902	133 
2903	31 
2904	262 
2905	93 
2906	240 
2907	176 
2908	205 
2909	73 
2910	187 
2911	226 
2912	84 
2913	32 
2914	201 
2915	64 
2916	115 
2917	139 
2918	211 
2919	104 
2920	192 
2921	101 
2922	306 
2923	93 
2924	126 
2925	304 
2926	282 
2927	106 
2928	6 
2929	128 
2930	281 
2931	144 
2932	291 
2933	263 
2934	33 
2935	87 
2936	32 
2937	107 
2938	6 
2939	270 
2940	198 
2941	10 
2942	228 
2943	12 
2944	87 
2945	214 
2946	144 
2947	34 
2948	86 
2949	241 
2950	177 
2951	16 
2952	187 
2953	248 
2954	304 
2955	238 
2956	25 
2957	236 
2958	171 
2959	75 
2960	27 
2961	153 
2962	164 
2963	266 
2964	158 
2965	60 
2966	187 
2967	13 
2968	113 
2969	135 
2970	51 
2971	72 
2972	41 
2973	192 
2974	300 
2975	220 
2976	263 
2977	3 
2978	153 
2979	171 
2980	69 
2981	20 
2982	15 
2983	275 
2984	163 
2985	84 
2986	200 
2987	207 
2988	88 
2989	109 
2990	144 
2991	201 
2992	189 
2993	213 
2994	65 
2995	188 
2996	298 
2997	184 
2998	8 
2999	232 
3000	241 
3001	271 
3002	92 
3003	68 
3004	40 
3005	142 
3006	157 
3007	299 
3008	144 
3009	240 
3010	74 
3011	276 
3012	142 
3013	121 
3014	2 
3015	236 
3016	225 
3017	166 
3018	121 
3019	33 
3020	61 
3021	30 
3022	140 
3023	219 
3024	115 
3025	291 
3026	87 
3027	72 
3028	84 
3029	87 
3030	27 
3031	101 
3032	279 
3033	30 
3034	238 
3035	215 
3036	161 
3037	102 
3038	228 
3039	6 
3040	145 
3041	155 
3042	170 
3043	54 
3044	26 
3045	100 
3046	203 
3047	235 
3048	208 
3049	91 
3050	125 
3051	258 
3052	82 
3053	302 
3054	79 
3055	133 
3056	228 
3057	302 
3058	66 
3059	74 
3060	276 
3061	256 
3062	44 
3063	300 
3064	279 
3065	99 
3066	30 
3067	51 
3068	140 
3069	224 
3070	138 
3071	278 
3072	287 
3073	164 
3074	254 
3075	82 
3076	295 
3077	178 
3078	174 
3079	200 
3080	158 
3081	276 
3082	228 
3083	227 
3084	50 
3085	113 
3086	228 
3087	240 
3088	94 
3089	34 
3090	160 
3091	230 
3092	235 
3093	170 
3094	147 
3095	119 
3096	264 
3097	84 
3098	121 
3099	90 
3100	131 
3101	93 
3102	78 
3103	97 
3104	28 
3105	15 
3106	297 
3107	284 
3108	205 
3109	99 
3110	162 
3111	251 
3112	220 
3113	250 
3114	214 
3115	300 
3116	232 
3117	23 
3118	30 
3119	217 
3120	133 
3121	127 
3122	10 
3123	26 
3124	175 
3125	263 
3126	214 
3127	163 
3128	229 
3129	215 
3130	262 
3131	248 
3132	230 
3133	206 
3134	97 
3135	211 
3136	16 
3137	116 
3138	280 
3139	182 
3140	279 
3141	20 
3142	279 
3143	254 
3144	68 
3145	125 
3146	283 
3147	166 
3148	210 
3149	77 
3150	38 
3151	284 
3152	3 
3153	272 
3154	76 
3155	122 
3156	126 
3157	6 
3158	188 
3159	42 
3160	46 
3161	119 
3162	195 
3163	68 
3164	246 
3165	147 
3166	122 
3167	33 
3168	281 
3169	111 
3170	197 
3171	300 
3172	287 
3173	216 
3174	301 
3175	268 
3176	139 
3177	235 
3178	94 
3179	203 
3180	90 
3181	159 
3182	28 
3183	277 
3184	124 
3185	95 
3186	137 
3187	26 
3188	205 
3189	19 
3190	137 
3191	13 
3192	82 
3193	306 
3194	302 
3195	303 
3196	36 
3197	191 
3198	306 
3199	16 
3200	43 
3201	244 
3202	270 
3203	307 
3204	33 
3205	23 
3206	40 
3207	64 
3208	92 
3209	111 
3210	293 
3211	53 
3212	267 
3213	155 
3214	229 
3215	304 
3216	71 
3217	149 
3218	95 
3219	193 
3220	5 
3221	33 
3222	161 
3223	65 
3224	207 
3225	33 
3226	271 
3227	82 
3228	234 
3229	10 
3230	160 
3231	301 
3232	214 
3233	114 
3234	26 
3235	287 
3236	206 
3237	120 
3238	195 
3239	274 
3240	49 
3241	42 
3242	283 
3243	118 
3244	14 
3245	265 
3246	157 
3247	302 
3248	160 
3249	225 
3250	114 
3251	156 
3252	229 
3253	52 
3254	149 
3255	305 
3256	124 
3257	154 
3258	131 
3259	295 
3260	68 
3261	124 
3262	185 
3263	83 
3264	257 
3265	248 
3266	257 
3267	126 
3268	100 
3269	69 
3270	168 
3271	199 
3272	247 
3273	24 
3274	262 
3275	153 
3276	230 
3277	155 
3278	205 
3279	1 
3280	284 
3281	292 
3282	296 
3283	60 
3284	163 
3285	281 
3286	18 
3287	138 
3288	280 
3289	41 
3290	290 
3291	180 
3292	147 
3293	132 
3294	125 
3295	24 
3296	88 
3297	287 
3298	285 
3299	151 
3300	299 
3301	124 
3302	77 
3303	177 
3304	265 
3305	23 
3306	286 
3307	139 
3308	75 
3309	38 
3310	165 
3311	201 
3312	205 
3313	104 
3314	144 
3315	114 
3316	47 
3317	9 
3318	181 
3319	5 
3320	185 
3321	167 
3322	8 
3323	182 
3324	230 
3325	236 
3326	14 
3327	51 
3328	131 
3329	28 
3330	28 
3331	137 
3332	209 
3333	234 
3334	134 
3335	186 
3336	205 
3337	283 
3338	17 
3339	204 
3340	218 
3341	266 
3342	277 
3343	19 
3344	208 
3345	105 
3346	240 
3347	153 
3348	88 
3349	106 
3350	285 
3351	171 
3352	194 
3353	216 
3354	6 
3355	184 
3356	300 
3357	194 
3358	285 
3359	158 
3360	261 
3361	225 
3362	30 
3363	82 
3364	206 
3365	77 
3366	290 
3367	273 
3368	183 
3369	41 
3370	276 
3371	56 
3372	171 
3373	234 
3374	214 
3375	89 
3376	269 
3377	28 
3378	74 
3379	228 
3380	44 
3381	88 
3382	29 
3383	306 
3384	138 
3385	86 
3386	234 
3387	201 
3388	287 
3389	214 
3390	210 
3391	29 
3392	239 
3393	172 
3394	144 
3395	40 
3396	255 
3397	231 
3398	95 
3399	89 
3400	125 
3401	200 
3402	26 
3403	277 
3404	192 
3405	78 
3406	284 
3407	93 
3408	41 
3409	119 
3410	249 
3411	197 
3412	12 
3413	71 
3414	192 
3415	201 
3416	185 
3417	3 
3418	81 
3419	194 
3420	236 
3421	250 
3422	233 
3423	111 
3424	226 
3425	156 
3426	223 
3427	125 
3428	121 
3429	75 
3430	6 
3431	18 
3432	236 
3433	204 
3434	242 
3435	108 
3436	104 
3437	55 
3438	118 
3439	176 
3440	25 
3441	13 
3442	109 
3443	48 
3444	259 
3445	147 
3446	232 
3447	116 
3448	234 
3449	171 
3450	77 
3451	20 
3452	196 
3453	201 
3454	60 
3455	119 
3456	134 
3457	50 
3458	159 
3459	25 
3460	206 
3461	184 
3462	62 
3463	261 
3464	21 
3465	293 
3466	19 
3467	228 
3468	188 
3469	122 
3470	158 
3471	274 
3472	154 
3473	129 
3474	200 
3475	116 
3476	120 
3477	1 
3478	3 
3479	257 
3480	116 
3481	238 
3482	257 
3483	240 
3484	284 
3485	131 
3486	282 
3487	191 
3488	279 
3489	93 
3490	216 
3491	295 
3492	276 
3493	51 
3494	240 
3495	228 
3496	277 
3497	129 
3498	250 
3499	9 
3500	179 
3501	268 
3502	4 
3503	117 
3504	47 
3505	232 
3506	101 
3507	154 
3508	105 
3509	174 
3510	155 
3511	278 
3512	90 
3513	147 
3514	33 
3515	113 
3516	101 
3517	222 
3518	268 
3519	78 
3520	222 
3521	46 
3522	159 
3523	246 
3524	2 
3525	49 
3526	132 
3527	129 
3528	183 
3529	99 
3530	219 
3531	211 
3532	260 
3533	169 
3534	26 
3535	208 
3536	3 
3537	141 
3538	263 
3539	253 
3540	134 
3541	236 
3542	190 
3543	14 
3544	212 
3545	88 
3546	161 
3547	187 
3548	265 
3549	296 
3550	61 
3551	283 
3552	280 
3553	236 
3554	164 
3555	164 
3556	188 
3557	62 
3558	254 
3559	88 
3560	219 
3561	48 
3562	248 
3563	248 
3564	249 
3565	114 
3566	79 
3567	96 
3568	236 
3569	252 
3570	68 
3571	22 
3572	182 
3573	6 
3574	156 
3575	51 
3576	177 
3577	82 
3578	138 
3579	222 
3580	155 
3581	186 
3582	14 
3583	252 
3584	143 
3585	154 
3586	187 
3587	256 
3588	187 
3589	51 
3590	300 
3591	155 
3592	190 
3593	100 
3594	75 
3595	245 
3596	171 
3597	24 
3598	85 
3599	186 
3600	20 
3601	65 
3602	129 
3603	121 
3604	146 
3605	191 
3606	151 
3607	80 
3608	184 
3609	151 
3610	217 
3611	147 
3612	15 
3613	33 
3614	86 
3615	214 
3616	118 
3617	145 
3618	81 
3619	211 
3620	209 
3621	178 
3622	272 
3623	111 
3624	278 
3625	223 
3626	144 
3627	4 
3628	142 
3629	40 
3630	254 
3631	182 
3632	274 
3633	115 
3634	126 
3635	211 
3636	25 
3637	232 
3638	200 
3639	73 
3640	9 
3641	60 
3642	212 
3643	107 
3644	25 
3645	13 
3646	267 
3647	198 
3648	294 
3649	23 
3650	262 
3651	10 
3652	235 
3653	145 
3654	186 
3655	206 
3656	4 
3657	255 
3658	255 
3659	149 
3660	39 
3661	240 
3662	183 
3663	98 
3664	44 
3665	59 
3666	212 
3667	207 
3668	254 
3669	293 
3670	57 
3671	38 
3672	59 
3673	55 
3674	180 
3675	234 
3676	94 
3677	103 
3678	116 
3679	117 
3680	239 
3681	18 
3682	121 
3683	162 
3684	281 
3685	123 
3686	258 
3687	71 
3688	285 
3689	128 
3690	275 
3691	68 
3692	269 
3693	288 
3694	27 
3695	221 
3696	34 
3697	74 
3698	99 
3699	118 
3700	55 
3701	137 
3702	3 
3703	5 
3704	2 
3705	163 
3706	116 
3707	158 
3708	95 
3709	201 
3710	112 
3711	76 
3712	92 
3713	237 
3714	210 
3715	175 
3716	213 
3717	34 
3718	235 
3719	155 
3720	171 
3721	300 
3722	81 
3723	87 
3724	212 
3725	91 
3726	52 
3727	70 
3728	119 
3729	48 
3730	89 
3731	116 
3732	206 
3733	154 
3734	172 
3735	72 
3736	198 
3737	216 
3738	193 
3739	182 
3740	237 
3741	222 
3742	97 
3743	77 
3744	35 
3745	271 
3746	204 
3747	120 
3748	284 
3749	301 
3750	213 
3751	281 
3752	83 
3753	22 
3754	201 
3755	221 
3756	282 
3757	149 
3758	138 
3759	209 
3760	42 
3761	217 
3762	64 
3763	225 
3764	144 
3765	230 
3766	259 
3767	242 
3768	42 
3769	34 
3770	99 
3771	100 
3772	84 
3773	237 
3774	2 
3775	272 
3776	112 
3777	17 
3778	232 
3779	187 
3780	118 
3781	62 
3782	154 
3783	188 
3784	104 
3785	306 
3786	100 
3787	237 
3788	77 
3789	113 
3790	267 
3791	110 
3792	69 
3793	125 
3794	222 
3795	13 
3796	222 
3797	48 
3798	162 
3799	12 
3800	306 
3801	66 
3802	204 
3803	255 
3804	296 
3805	182 
3806	258 
3807	299 
3808	29 
3809	161 
3810	259 
3811	277 
3812	228 
3813	189 
3814	52 
3815	104 
3816	114 
3817	107 
3818	25 
3819	188 
3820	128 
3821	96 
3822	109 
3823	282 
3824	197 
3825	296 
3826	179 
3827	58 
3828	135 
3829	40 
3830	284 
3831	100 
3832	145 
3833	54 
3834	125 
3835	191 
3836	16 
3837	186 
3838	112 
3839	278 
3840	31 
3841	128 
3842	67 
3843	200 
3844	255 
3845	274 
3846	230 
3847	301 
3848	189 
3849	26 
3850	243 
3851	45 
3852	236 
3853	128 
3854	20 
3855	171 
3856	296 
3857	234 
3858	58 
3859	160 
3860	191 
3861	107 
3862	287 
3863	72 
3864	151 
3865	93 
3866	215 
3867	185 
3868	110 
3869	128 
3870	199 
3871	233 
3872	200 
3873	279 
3874	205 
3875	100 
3876	86 
3877	203 
3878	188 
3879	21 
3880	74 
3881	206 
3882	225 
3883	273 
3884	203 
3885	138 
3886	216 
3887	130 
3888	263 
3889	111 
3890	66 
3891	68 
3892	100 
3893	87 
3894	120 
3895	133 
3896	177 
3897	48 
3898	90 
3899	15 
3900	89 
3901	74 
3902	29 
3903	172 
3904	191 
3905	228 
3906	110 
3907	300 
3908	292 
3909	182 
3910	277 
3911	161 
3912	93 
3913	11 
3914	72 
3915	287 
3916	140 
3917	58 
3918	147 
3919	22 
3920	283 
3921	161 
3922	274 
3923	275 
3924	160 
3925	305 
3926	146 
3927	39 
3928	161 
3929	86 
3930	229 
3931	61 
3932	79 
3933	33 
3934	41 
3935	68 
3936	59 
3937	307 
3938	96 
3939	264 
3940	102 
3941	46 
3942	25 
3943	75 
3944	216 
3945	4 
3946	82 
3947	58 
3948	240 
3949	57 
3950	220 
3951	281 
3952	187 
3953	146 
3954	130 
3955	95 
3956	163 
3957	121 
3958	300 
3959	263 
3960	281 
3961	49 
3962	306 
3963	294 
3964	75 
3965	184 
3966	15 
3967	268 
3968	166 
3969	31 
3970	215 
3971	267 
3972	252 
3973	36 
3974	261 
3975	65 
3976	27 
3977	161 
3978	144 
3979	304 
3980	28 
3981	130 
3982	217 
3983	84 
3984	5 
3985	22 
3986	77 
3987	42 
3988	287 
3989	144 
3990	56 
3991	71 
3992	230 
3993	268 
3994	174 
3995	112 
3996	88 
3997	201 
3998	1 
3999	159 
4000	221 
4001	131 
4002	301 
4003	85 
4004	45 
4005	298 
4006	126 
4007	125 
4008	80 
4009	96 
4010	78 
4011	252 
4012	145 
4013	85 
4014	215 
4015	246 
4016	183 
4017	137 
4018	13 
4019	180 
4020	112 
4021	292 
4022	123 
4023	302 
4024	117 
4025	94 
4026	161 
4027	123 
4028	163 
4029	88 
4030	234 
4031	8 
4032	161 
4033	53 
4034	267 
4035	297 
4036	225 
4037	142 
4038	209 
4039	77 
4040	174 
4041	131 
4042	281 
4043	276 
4044	62 
4045	10 
4046	54 
4047	288 
4048	50 
4049	267 
4050	84 
4051	63 
4052	292 
4053	65 
4054	232 
4055	258 
4056	86 
4057	183 
4058	225 
4059	91 
4060	6 
4061	240 
4062	257 
4063	22 
4064	236 
4065	138 
4066	235 
4067	154 
4068	37 
4069	101 
4070	92 
4071	258 
4072	67 
4073	106 
4074	44 
4075	279 
4076	153 
4077	75 
4078	248 
4079	58 
4080	141 
4081	273 
4082	108 
4083	61 
4084	72 
4085	299 
4086	226 
4087	26 
4088	222 
4089	14 
4090	54 
4091	149 
4092	31 
4093	20 
4094	113 
4095	103 
4096	203 
4097	27 
4098	162 
4099	1 
4100	286 
4101	163 
4102	262 
4103	196 
4104	104 
4105	51 
4106	67 
4107	276 
4108	219 
4109	168 
4110	193 
4111	28 
4112	129 
4113	103 
4114	120 
4115	129 
4116	72 
4117	123 
4118	249 
4119	145 
4120	258 
4121	55 
4122	267 
4123	181 
4124	247 
4125	87 
4126	138 
4127	50 
4128	103 
4129	218 
4130	222 
4131	242 
4132	151 
4133	74 
4134	126 
4135	59 
4136	247 
4137	223 
4138	17 
4139	268 
4140	105 
4141	10 
4142	31 
4143	132 
4144	238 
4145	256 
4146	65 
4147	151 
4148	71 
4149	238 
4150	65 
4151	163 
4152	44 
4153	3 
4154	287 
4155	3 
4156	141 
4157	130 
4158	102 
4159	275 
4160	231 
4161	278 
4162	103 
4163	96 
4164	251 
4165	220 
4166	268 
4167	273 
4168	139 
4169	96 
4170	93 
4171	87 
4172	54 
4173	171 
4174	32 
4175	235 
4176	28 
4177	126 
4178	159 
4179	8 
4180	34 
4181	206 
4182	144 
4183	258 
4184	23 
4185	134 
4186	215 
4187	155 
4188	97 
4189	152 
4190	107 
4191	170 
4192	266 
4193	1 
4194	193 
4195	23 
4196	154 
4197	64 
4198	155 
4199	23 
4200	199 
4201	43 
4202	23 
4203	11 
4204	53 
4205	32 
4206	77 
4207	39 
4208	268 
4209	182 
4210	194 
4211	208 
4212	34 
4213	72 
4214	46 
4215	107 
4216	152 
4217	80 
4218	273 
4219	112 
4220	54 
4221	36 
4222	183 
4223	112 
4224	172 
4225	148 
4226	132 
4227	39 
4228	82 
4229	240 
4230	87 
4231	55 
4232	36 
4233	261 
4234	175 
4235	58 
4236	189 
4237	278 
4238	263 
4239	44 
4240	223 
4241	251 
4242	223 
4243	77 
4244	168 
4245	175 
4246	9 
4247	235 
4248	46 
4249	210 
4250	222 
4251	59 
4252	215 
4253	230 
4254	30 
4255	38 
4256	201 
4257	33 
4258	166 
4259	111 
4260	5 
4261	244 
4262	137 
4263	263 
4264	117 
4265	284 
4266	199 
4267	44 
4268	149 
4269	108 
4270	3 
4271	60 
4272	206 
4273	59 
4274	188 
4275	235 
4276	289 
4277	29 
4278	294 
4279	143 
4280	108 
4281	189 
4282	201 
4283	59 
4284	105 
4285	51 
4286	4 
4287	103 
4288	133 
4289	161 
4290	259 
4291	234 
4292	199 
4293	216 
4294	305 
4295	76 
4296	288 
4297	6 
4298	110 
4299	9 
4300	197 
4301	306 
4302	19 
4303	159 
4304	236 
4305	141 
4306	226 
4307	193 
4308	258 
4309	220 
4310	238 
4311	115 
4312	103 
4313	212 
4314	22 
4315	3 
4316	203 
4317	80 
4318	222 
4319	125 
4320	256 
4321	296 
4322	115 
4323	50 
4324	141 
4325	260 
4326	86 
4327	132 
4328	301 
4329	190 
4330	113 
4331	228 
4332	278 
4333	306 
4334	3 
4335	275 
4336	11 
4337	44 
4338	217 
4339	149 
4340	71 
4341	58 
4342	135 
4343	122 
4344	50 
4345	44 
4346	47 
4347	74 
4348	173 
4349	223 
4350	22 
4351	105 
4352	31 
4353	93 
4354	94 
4355	101 
4356	211 
4357	86 
4358	218 
4359	78 
4360	123 
4361	231 
4362	44 
4363	118 
4364	16 
4365	140 
4366	194 
4367	99 
4368	259 
4369	205 
4370	39 
4371	185 
4372	68 
4373	57 
4374	282 
4375	71 
4376	299 
4377	288 
4378	279 
4379	288 
4380	55 
4381	189 
4382	9 
4383	203 
4384	88 
4385	102 
4386	300 
4387	48 
4388	275 
4389	164 
4390	122 
4391	182 
4392	245 
4393	66 
4394	216 
4395	111 
4396	199 
4397	145 
4398	77 
4399	64 
4400	226 
4401	60 
4402	36 
4403	31 
4404	17 
4405	11 
4406	287 
4407	279 
4408	111 
4409	251 
4410	231 
4411	167 
4412	179 
4413	21 
4414	94 
4415	215 
4416	118 
4417	150 
4418	186 
4419	180 
4420	107 
4421	271 
4422	192 
4423	194 
4424	123 
4425	119 
4426	90 
4427	283 
4428	179 
4429	250 
4430	305 
4431	215 
4432	17 
4433	137 
4434	248 
4435	250 
4436	269 
4437	182 
4438	110 
4439	161 
4440	109 
4441	236 
4442	292 
4443	108 
4444	281 
4445	91 
4446	19 
4447	244 
4448	193 
4449	96 
4450	190 
4451	245 
4452	226 
4453	46 
4454	75 
4455	207 
4456	178 
4457	76 
4458	190 
4459	267 
4460	65 
4461	183 
4462	276 
4463	63 
4464	229 
4465	230 
4466	253 
4467	242 
4468	214 
4469	143 
4470	3 
4471	151 
4472	153 
4473	96 
4474	86 
4475	162 
4476	165 
4477	164 
4478	251 
4479	222 
4480	253 
4481	265 
4482	88 
4483	118 
4484	148 
4485	115 
4486	31 
4487	298 
4488	62 
4489	81 
4490	178 
4491	77 
4492	16 
4493	182 
4494	278 
4495	143 
4496	230 
4497	46 
4498	188 
4499	183 
4500	277 
4501	119 
4502	217 
4503	129 
4504	54 
4505	295 
4506	111 
4507	124 
4508	155 
4509	207 
4510	127 
4511	28 
4512	25 
4513	210 
4514	237 
4515	30 
4516	88 
4517	176 
4518	178 
4519	269 
4520	155 
4521	101 
4522	43 
4523	258 
4524	82 
4525	216 
4526	213 
4527	118 
4528	79 
4529	276 
4530	88 
4531	302 
4532	78 
4533	114 
4534	48 
4535	57 
4536	154 
4537	137 
4538	103 
4539	91 
4540	278 
4541	199 
4542	101 
4543	111 
4544	184 
4545	9 
4546	111 
4547	95 
4548	161 
4549	252 
4550	8 
4551	241 
4552	76 
4553	200 
4554	27 
4555	237 
4556	12 
4557	283 
4558	112 
4559	11 
4560	201 
4561	197 
4562	116 
4563	234 
4564	70 
4565	239 
4566	50 
4567	166 
4568	167 
4569	17 
4570	242 
4571	135 
4572	104 
4573	273 
4574	82 
4575	161 
4576	258 
4577	187 
4578	265 
4579	197 
4580	158 
4581	202 
4582	55 
4583	302 
4584	34 
4585	8 
4586	139 
4587	266 
4588	23 
4589	144 
4590	170 
4591	250 
4592	292 
4593	224 
4594	151 
4595	129 
4596	305 
4597	77 
4598	187 
4599	223 
4600	30 
4601	187 
4602	208 
4603	159 
4604	295 
4605	220 
4606	38 
4607	38 
4608	61 
4609	85 
4610	218 
4611	147 
4612	53 
4613	30 
4614	265 
4615	283 
4616	262 
4617	229 
4618	296 
4619	217 
4620	209 
4621	8 
4622	213 
4623	245 
4624	134 
4625	145 
4626	115 
4627	74 
4628	175 
4629	168 
4630	31 
4631	88 
4632	274 
4633	243 
4634	226 
4635	100 
4636	43 
4637	207 
4638	170 
4639	90 
4640	199 
4641	300 
4642	104 
4643	221 
4644	182 
4645	30 
4646	84 
4647	134 
4648	140 
4649	16 
4650	46 
4651	23 
4652	139 
4653	196 
4654	64 
4655	116 
4656	293 
4657	204 
4658	28 
4659	109 
4660	188 
4661	33 
4662	282 
4663	54 
4664	118 
4665	255 
4666	128 
4667	34 
4668	52 
4669	48 
4670	127 
4671	38 
4672	105 
4673	217 
4674	246 
4675	8 
4676	159 
4677	197 
4678	236 
4679	120 
4680	152 
4681	291 
4682	225 
4683	287 
4684	133 
4685	305 
4686	229 
4687	190 
4688	168 
4689	255 
4690	117 
4691	203 
4692	261 
4693	78 
4694	304 
4695	91 
4696	305 
4697	113 
4698	9 
4699	43 
4700	143 
4701	142 
4702	305 
4703	70 
4704	158 
4705	121 
4706	25 
4707	237 
4708	1 
4709	114 
4710	151 
4711	20 
4712	57 
4713	105 
4714	118 
4715	123 
4716	275 
4717	259 
4718	251 
4719	191 
4720	226 
4721	187 
4722	232 
4723	215 
4724	90 
4725	19 
4726	100 
4727	281 
4728	142 
4729	295 
4730	65 
4731	34 
4732	12 
4733	299 
4734	188 
4735	272 
4736	35 
4737	29 
4738	193 
4739	114 
4740	287 
4741	242 
4742	107 
4743	90 
4744	187 
4745	191 
4746	162 
4747	254 
4748	13 
4749	111 
4750	51 
4751	179 
4752	24 
4753	74 
4754	5 
4755	261 
4756	171 
4757	68 
4758	16 
4759	187 
4760	235 
4761	282 
4762	113 
4763	215 
4764	277 
4765	10 
4766	2 
4767	204 
4768	20 
4769	254 
4770	60 
4771	47 
4772	203 
4773	289 
4774	208 
4775	232 
4776	131 
4777	111 
4778	112 
4779	64 
4780	35 
4781	201 
4782	8 
4783	178 
4784	27 
4785	75 
4786	230 
4787	194 
4788	303 
4789	262 
4790	165 
4791	236 
4792	230 
4793	206 
4794	125 
4795	64 
4796	64 
4797	165 
4798	163 
4799	11 
4800	241 
4801	115 
4802	295 
4803	151 
4804	227 
4805	283 
4806	141 
4807	190 
4808	93 
4809	178 
4810	84 
4811	242 
4812	158 
4813	287 
4814	229 
4815	34 
4816	250 
4817	289 
4818	119 
4819	214 
4820	275 
4821	276 
4822	181 
4823	95 
4824	151 
4825	219 
4826	31 
4827	66 
4828	27 
4829	152 
4830	133 
4831	196 
4832	196 
4833	175 
4834	75 
4835	140 
4836	114 
4837	5 
4838	5 
4839	299 
4840	287 
4841	211 
4842	265 
4843	203 
4844	20 
4845	254 
4846	61 
4847	154 
4848	4 
4849	145 
4850	35 
4851	34 
4852	212 
4853	293 
4854	5 
4855	160 
4856	156 
4857	54 
4858	215 
4859	159 
4860	141 
4861	219 
4862	113 
4863	93 
4864	268 
4865	24 
4866	113 
4867	48 
4868	57 
4869	179 
4870	131 
4871	258 
4872	141 
4873	34 
4874	228 
4875	208 
4876	11 
4877	246 
4878	138 
4879	61 
4880	282 
4881	128 
4882	134 
4883	4 
4884	153 
4885	21 
4886	172 
4887	278 
4888	26 
4889	280 
4890	158 
4891	118 
4892	14 
4893	43 
4894	196 
4895	155 
4896	170 
4897	6 
4898	145 
4899	80 
4900	306 
4901	171 
4902	179 
4903	203 
4904	69 
4905	132 
4906	183 
4907	12 
4908	151 
4909	41 
4910	287 
4911	217 
4912	84 
4913	29 
4914	306 
4915	263 
4916	248 
4917	75 
4918	304 
4919	227 
4920	232 
4921	144 
4922	151 
4923	103 
4924	39 
4925	61 
4926	252 
4927	30 
4928	269 
4929	236 
4930	16 
4931	45 
4932	276 
4933	210 
4934	237 
4935	34 
4936	16 
4937	303 
4938	63 
4939	31 
4940	209 
4941	248 
4942	256 
4943	243 
4944	145 
4945	62 
4946	302 
4947	250 
4948	229 
4949	189 
4950	225 
4951	201 
4952	27 
4953	299 
4954	263 
4955	119 
4956	264 
4957	106 
4958	245 
4959	193 
4960	246 
4961	254 
4962	82 
4963	141 
4964	171 
4965	282 
4966	248 
4967	68 
4968	86 
4969	151 
4970	50 
4971	127 
4972	84 
4973	248 
4974	232 
4975	132 
4976	30 
4977	223 
4978	162 
4979	9 
4980	119 
4981	140 
4982	150 
4983	231 
4984	300 
4985	23 
4986	207 
4987	138 
4988	193 
4989	299 
4990	278 
4991	254 
4992	175 
4993	267 
4994	263 
4995	17 
4996	90 
4997	37 
4998	153 
4999	270 
5000	142 
5001	137 
5002	49 
5003	151 
5004	141 
5005	55 
5006	93 
5007	166 
5008	70 
5009	4 
5010	134 
5011	197 
5012	172 
5013	144 
5014	3 
5015	78 
5016	206 
5017	23 
5018	153 
5019	55 
5020	145 
5021	54 
5022	207 
5023	128 
5024	40 
5025	64 
5026	153 
5027	226 
5028	301 
5029	215 
5030	148 
5031	32 
5032	43 
5033	277 
5034	54 
5035	96 
5036	13 
5037	241 
5038	193 
5039	31 
5040	83 
5041	136 
5042	201 
5043	143 
5044	213 
5045	83 
5046	60 
5047	84 
5048	79 
5049	131 
5050	21 
5051	73 
5052	285 
5053	259 
5054	216 
5055	58 
5056	284 
5057	96 
5058	26 
5059	71 
5060	33 
5061	116 
5062	83 
5063	220 
5064	304 
5065	117 
5066	90 
5067	53 
5068	256 
5069	54 
5070	32 
5071	137 
5072	156 
5073	201 
5074	277 
5075	140 
5076	37 
5077	126 
5078	120 
5079	6 
5080	197 
5081	209 
5082	294 
5083	108 
5084	225 
5085	27 
5086	286 
5087	172 
5088	181 
5089	39 
5090	100 
5091	29 
5092	234 
5093	181 
5094	70 
5095	175 
5096	142 
5097	81 
5098	83 
5099	237 
5100	215 
5101	143 
5102	223 
5103	216 
5104	271 
5105	219 
5106	118 
5107	288 
5108	245 
5109	114 
5110	46 
5111	120 
5112	277 
5113	46 
5114	290 
5115	138 
5116	200 
5117	72 
5118	140 
5119	130 
5120	192 
5121	168 
5122	25 
5123	186 
5124	182 
5125	160 
5126	25 
5127	136 
5128	15 
5129	235 
5130	214 
5131	228 
5132	150 
5133	62 
5134	73 
5135	121 
5136	92 
5137	8 
5138	82 
5139	193 
5140	281 
5141	137 
5142	99 
5143	45 
5144	93 
5145	26 
5146	1 
5147	51 
5148	240 
5149	283 
5150	193 
5151	108 
5152	47 
5153	285 
5154	266 
5155	50 
5156	188 
5157	122 
5158	120 
5159	229 
5160	180 
5161	294 
5162	274 
5163	70 
5164	171 
5165	69 
5166	278 
5167	18 
5168	187 
5169	266 
5170	258 
5171	161 
5172	222 
5173	273 
5174	62 
5175	43 
5176	153 
5177	51 
5178	155 
5179	53 
5180	20 
5181	18 
5182	301 
5183	125 
5184	39 
5185	255 
5186	102 
5187	105 
5188	297 
5189	6 
5190	189 
5191	179 
5192	290 
5193	198 
5194	16 
5195	104 
5196	237 
5197	125 
5198	248 
5199	96 
5200	141 
5201	264 
5202	225 
5203	132 
5204	149 
5205	38 
5206	17 
5207	271 
5208	70 
5209	27 
5210	225 
5211	284 
5212	17 
5213	298 
5214	139 
5215	210 
5216	26 
5217	157 
5218	107 
5219	167 
5220	86 
5221	93 
5222	234 
5223	139 
5224	112 
5225	97 
5226	278 
5227	194 
5228	26 
5229	132 
5230	287 
5231	281 
5232	53 
5233	257 
5234	249 
5235	3 
5236	84 
5237	246 
5238	133 
5239	5 
5240	80 
5241	142 
5242	38 
5243	1 
5244	21 
5245	266 
5246	170 
5247	234 
5248	81 
5249	93 
5250	292 
5251	59 
5252	142 
5253	100 
5254	13 
5255	64 
5256	190 
5257	37 
5258	30 
5259	24 
5260	243 
5261	26 
5262	158 
5263	199 
5264	163 
5265	47 
5266	109 
5267	248 
5268	24 
5269	106 
5270	8 
5271	94 
5272	252 
5273	157 
5274	104 
5275	278 
5276	302 
5277	306 
5278	192 
5279	152 
5280	235 
5281	135 
5282	275 
5283	207 
5284	58 
5285	148 
5286	183 
5287	287 
5288	142 
5289	120 
5290	297 
5291	199 
5292	59 
5293	99 
5294	14 
5295	295 
5296	27 
5297	164 
5298	294 
5299	73 
5300	148 
5301	279 
5302	65 
5303	141 
5304	178 
5305	191 
5306	155 
5307	159 
5308	243 
5309	219 
5310	71 
5311	258 
5312	14 
5313	226 
5314	292 
5315	178 
5316	86 
5317	52 
5318	242 
5319	189 
5320	26 
5321	258 
5322	258 
5323	46 
5324	206 
5325	207 
5326	274 
5327	30 
5328	246 
5329	168 
5330	95 
5331	263 
5332	46 
5333	124 
5334	259 
5335	8 
5336	37 
5337	124 
5338	213 
5339	248 
5340	47 
5341	285 
5342	46 
5343	292 
5344	46 
5345	190 
5346	141 
5347	160 
5348	46 
5349	198 
5350	48 
5351	170 
5352	176 
5353	92 
5354	7 
5355	224 
5356	35 
5357	167 
5358	23 
5359	34 
5360	206 
5361	159 
5362	28 
5363	200 
5364	283 
5365	109 
5366	61 
5367	160 
5368	268 
5369	183 
5370	218 
5371	158 
5372	47 
5373	126 
5374	200 
5375	80 
5376	230 
5377	206 
5378	260 
5379	144 
5380	84 
5381	94 
5382	285 
5383	206 
5384	76 
5385	37 
5386	192 
5387	179 
5388	179 
5389	76 
5390	117 
5391	172 
5392	162 
5393	161 
5394	130 
5395	264 
5396	204 
5397	123 
5398	88 
5399	198 
5400	1 
5401	126 
5402	307 
5403	102 
5404	113 
5405	184 
5406	216 
5407	123 
5408	275 
5409	210 
5410	241 
5411	47 
5412	164 
5413	100 
5414	68 
5415	30 
5416	111 
5417	164 
5418	241 
5419	52 
5420	265 
5421	53 
5422	189 
5423	165 
5424	220 
5425	40 
5426	66 
5427	78 
5428	250 
5429	142 
5430	171 
5431	184 
5432	79 
5433	49 
5434	277 
5435	111 
5436	97 
5437	143 
5438	164 
5439	120 
5440	114 
5441	12 
5442	16 
5443	237 
5444	52 
5445	237 
5446	122 
5447	138 
5448	280 
5449	112 
5450	284 
5451	303 
5452	12 
5453	39 
5454	20 
5455	161 
5456	156 
5457	37 
5458	106 
5459	107 
5460	154 
5461	254 
5462	71 
5463	15 
5464	101 
5465	232 
5466	6 
5467	293 
5468	267 
5469	285 
5470	244 
5471	199 
5472	260 
5473	191 
5474	36 
5475	193 
5476	159 
5477	122 
5478	149 
5479	154 
5480	115 
5481	260 
5482	189 
5483	265 
5484	168 
5485	209 
5486	104 
5487	141 
5488	271 
5489	210 
5490	176 
5491	16 
5492	237 
5493	227 
5494	156 
5495	306 
5496	12 
5497	55 
5498	40 
5499	285 
5500	76 
5501	277 
5502	52 
5503	55 
5504	122 
5505	272 
5506	19 
5507	106 
5508	90 
5509	25 
5510	235 
5511	216 
5512	65 
5513	172 
5514	168 
5515	67 
5516	301 
5517	191 
5518	4 
5519	201 
5520	235 
5521	164 
5522	27 
5523	34 
5524	70 
5525	170 
5526	29 
5527	277 
5528	11 
5529	210 
5530	243 
5531	232 
5532	83 
5533	23 
5534	37 
5535	180 
5536	285 
5537	65 
5538	257 
5539	87 
5540	188 
5541	276 
5542	65 
5543	294 
5544	211 
5545	237 
5546	261 
5547	90 
5548	136 
5549	222 
5550	66 
5551	254 
5552	177 
5553	241 
5554	250 
5555	72 
5556	20 
5557	24 
5558	96 
5559	62 
5560	217 
5561	232 
5562	190 
5563	111 
5564	183 
5565	153 
5566	66 
5567	168 
5568	73 
5569	67 
5570	31 
5571	210 
5572	217 
5573	5 
5574	260 
5575	158 
5576	63 
5577	273 
5578	82 
5579	148 
5580	44 
5581	96 
5582	203 
5583	289 
5584	283 
5585	278 
5586	259 
5587	64 
5588	281 
5589	108 
5590	104 
5591	38 
5592	153 
5593	161 
5594	68 
5595	3 
5596	62 
5597	77 
5598	64 
5599	26 
5600	209 
5601	54 
5602	126 
5603	157 
5604	302 
5605	297 
5606	296 
5607	106 
5608	279 
5609	294 
5610	284 
5611	27 
5612	32 
5613	224 
5614	170 
5615	261 
5616	31 
5617	266 
5618	209 
5619	52 
5620	53 
5621	98 
5622	269 
5623	211 
5624	189 
5625	178 
5626	86 
5627	103 
5628	20 
5629	17 
5630	164 
5631	306 
5632	115 
5633	137 
5634	210 
5635	142 
5636	286 
5637	210 
5638	256 
5639	236 
5640	307 
5641	296 
5642	178 
5643	88 
5644	257 
5645	271 
5646	304 
5647	277 
5648	55 
5649	100 
5650	157 
5651	100 
5652	29 
5653	297 
5654	66 
5655	214 
5656	226 
5657	241 
5658	17 
5659	187 
5660	141 
5661	129 
5662	112 
5663	196 
5664	45 
5665	149 
5666	70 
5667	283 
5668	4 
5669	148 
5670	153 
5671	32 
5672	165 
5673	84 
5674	115 
5675	249 
5676	114 
5677	14 
5678	80 
5679	107 
5680	30 
5681	17 
5682	26 
5683	63 
5684	169 
5685	175 
5686	298 
5687	73 
5688	125 
5689	178 
5690	30 
5691	217 
5692	283 
5693	86 
5694	28 
5695	261 
5696	213 
5697	291 
5698	148 
5699	40 
5700	306 
5701	243 
5702	153 
5703	103 
5704	123 
5705	299 
5706	212 
5707	254 
5708	128 
5709	58 
5710	10 
5711	177 
5712	166 
5713	93 
5714	12 
5715	304 
5716	194 
5717	264 
5718	24 
5719	104 
5720	178 
5721	48 
5722	307 
5723	258 
5724	93 
5725	197 
5726	224 
5727	1 
5728	168 
5729	45 
5730	270 
5731	205 
5732	68 
5733	70 
5734	227 
5735	146 
5736	186 
5737	306 
5738	234 
5739	227 
5740	139 
5741	234 
5742	58 
5743	44 
5744	148 
5745	114 
5746	195 
5747	144 
5748	119 
5749	95 
5750	245 
5751	259 
5752	212 
5753	30 
5754	156 
5755	224 
5756	249 
5757	294 
5758	79 
5759	35 
5760	140 
5761	226 
5762	5 
5763	197 
5764	115 
5765	241 
5766	16 
5767	226 
5768	31 
5769	305 
5770	165 
5771	262 
5772	82 
5773	236 
5774	62 
5775	67 
5776	105 
5777	96 
5778	197 
5779	229 
5780	149 
5781	49 
5782	227 
5783	97 
5784	167 
5785	52 
5786	28 
5787	162 
5788	144 
5789	243 
5790	154 
5791	216 
5792	41 
5793	114 
5794	216 
5795	56 
5796	295 
5797	180 
5798	293 
5799	55 
5800	137 
5801	82 
5802	82 
5803	86 
5804	304 
5805	72 
5806	21 
5807	225 
5808	85 
5809	234 
5810	236 
5811	117 
5812	184 
5813	220 
5814	16 
5815	206 
5816	112 
5817	205 
5818	297 
5819	197 
5820	233 
5821	29 
5822	222 
5823	49 
5824	131 
5825	159 
5826	144 
5827	146 
5828	276 
5829	190 
5830	137 
5831	54 
5832	48 
5833	65 
5834	181 
5835	103 
5836	51 
5837	243 
5838	152 
5839	81 
5840	230 
5841	144 
5842	246 
5843	98 
5844	141 
5845	277 
5846	279 
5847	270 
5848	67 
5849	134 
5850	14 
5851	133 
5852	235 
5853	57 
5854	259 
5855	134 
5856	14 
5857	181 
5858	28 
5859	193 
5860	180 
5861	67 
5862	278 
5863	22 
5864	208 
5865	28 
5866	15 
5867	8 
5868	50 
5869	62 
5870	240 
5871	280 
5872	92 
5873	78 
5874	73 
5875	55 
5876	52 
5877	302 
5878	239 
5879	75 
5880	142 
5881	55 
5882	7 
5883	292 
5884	17 
5885	59 
5886	109 
5887	13 
5888	229 
5889	17 
5890	153 
5891	72 
5892	228 
5893	236 
5894	275 
5895	281 
5896	296 
5897	163 
5898	189 
5899	141 
5900	280 
5901	246 
5902	175 
5903	55 
5904	148 
5905	280 
5906	281 
5907	226 
5908	254 
5909	186 
5910	130 
5911	109 
5912	15 
5913	91 
5914	48 
5915	91 
5916	148 
5917	45 
5918	120 
5919	19 
5920	253 
5921	304 
5922	300 
5923	205 
5924	301 
5925	14 
5926	223 
5927	68 
5928	105 
5929	214 
5930	252 
5931	153 
5932	104 
5933	66 
5934	233 
5935	281 
5936	197 
5937	232 
5938	250 
5939	45 
5940	176 
5941	298 
5942	281 
5943	225 
5944	289 
5945	18 
5946	137 
5947	151 
5948	107 
5949	247 
5950	66 
5951	251 
5952	98 
5953	240 
5954	274 
5955	185 
5956	154 
5957	180 
5958	266 
5959	31 
5960	44 
5961	229 
5962	25 
5963	89 
5964	48 
5965	28 
5966	253 
5967	269 
5968	18 
5969	122 
5970	153 
5971	14 
5972	295 
5973	127 
5974	159 
5975	165 
5976	61 
5977	298 
5978	180 
5979	227 
5980	26 
5981	169 
5982	5 
5983	216 
5984	95 
5985	215 
5986	169 
5987	31 
5988	26 
5989	145 
5990	128 
5991	29 
5992	144 
5993	37 
5994	290 
5995	217 
5996	289 
5997	160 
5998	274 
5999	279 
6000	23 
6001	245 
6002	289 
6003	260 
6004	213 
6005	88 
6006	217 
6007	253 
6008	85 
6009	6 
6010	71 
6011	147 
6012	147 
6013	20 
6014	114 
6015	238 
6016	121 
6017	121 
6018	277 
6019	263 
6020	99 
6021	59 
6022	156 
6023	126 
6024	109 
6025	201 
6026	107 
6027	151 
6028	248 
6029	288 
6030	45 
6031	152 
6032	152 
6033	259 
6034	154 
6035	188 
6036	13 
6037	176 
6038	234 
6039	228 
6040	69 
6041	57 
6042	134 
6043	47 
6044	300 
6045	76 
6046	22 
6047	278 
6048	271 
6049	288 
6050	298 
6051	77 
6052	242 
6053	146 
6054	161 
6055	85 
6056	70 
6057	246 
6058	138 
6059	93 
6060	287 
6061	135 
6062	256 
6063	13 
6064	103 
6065	3 
6066	307 
6067	297 
6068	242 
6069	52 
6070	65 
6071	153 
6072	212 
6073	151 
6074	209 
6075	58 
6076	254 
6077	65 
6078	21 
6079	233 
6080	129 
6081	206 
6082	61 
6083	54 
6084	113 
6085	112 
6086	306 
6087	277 
6088	149 
6089	269 
6090	5 
6091	245 
6092	140 
6093	116 
6094	285 
6095	157 
6096	159 
6097	59 
6098	220 
6099	163 
6100	11 
6101	70 
6102	258 
6103	112 
6104	121 
6105	249 
6106	112 
6107	201 
6108	307 
6109	189 
6110	93 
6111	104 
6112	205 
6113	24 
6114	240 
6115	91 
6116	73 
6117	300 
6118	20 
6119	303 
6120	236 
6121	87 
6122	265 
6123	232 
6124	244 
6125	64 
6126	227 
6127	254 
6128	13 
6129	232 
6130	212 
6131	36 
6132	243 
6133	47 
6134	163 
6135	163 
6136	6 
6137	234 
6138	197 
6139	166 
6140	132 
6141	222 
6142	153 
6143	131 
6144	254 
6145	121 
6146	161 
6147	133 
6148	242 
6149	153 
6150	154 
6151	234 
6152	59 
6153	80 
6154	299 
6155	182 
6156	298 
6157	259 
6158	20 
6159	55 
6160	111 
6161	14 
6162	298 
6163	138 
6164	32 
6165	103 
6166	98 
6167	114 
6168	58 
6169	3 
6170	125 
6171	184 
6172	9 
6173	101 
6174	143 
6175	199 
6176	190 
6177	157 
6178	229 
6179	296 
6180	134 
6181	278 
6182	79 
6183	279 
6184	246 
6185	116 
6186	238 
6187	87 
6188	190 
6189	149 
6190	23 
6191	183 
6192	82 
6193	229 
6194	93 
6195	204 
6196	205 
6197	305 
6198	110 
6199	144 
6200	291 
6201	121 
6202	277 
6203	263 
6204	225 
6205	296 
6206	41 
6207	140 
6208	231 
6209	64 
6210	281 
6211	296 
6212	181 
6213	46 
6214	9 
6215	59 
6216	128 
6217	81 
6218	39 
6219	296 
6220	220 
6221	249 
6222	239 
6223	133 
6224	109 
6225	59 
6226	162 
6227	63 
6228	192 
6229	284 
6230	142 
6231	90 
6232	294 
6233	66 
6234	232 
6235	245 
6236	109 
6237	99 
6238	103 
6239	197 
6240	22 
6241	124 
6242	266 
6243	143 
6244	83 
6245	210 
6246	188 
6247	48 
6248	297 
6249	199 
6250	23 
6251	279 
6252	225 
6253	201 
6254	242 
6255	286 
6256	96 
6257	250 
6258	283 
6259	222 
6260	152 
6261	275 
6262	136 
6263	286 
6264	278 
6265	119 
6266	228 
6267	88 
6268	268 
6269	297 
6270	96 
6271	11 
6272	278 
6273	50 
6274	213 
6275	122 
6276	169 
6277	33 
6278	41 
6279	262 
6280	7 
6281	257 
6282	41 
6283	43 
6284	3 
6285	59 
6286	122 
6287	103 
6288	73 
6289	242 
6290	74 
6291	138 
6292	292 
6293	64 
6294	15 
6295	286 
6296	123 
6297	51 
6298	44 
6299	17 
6300	292 
6301	18 
6302	9 
6303	26 
6304	79 
6305	133 
6306	171 
6307	76 
6308	85 
6309	94 
6310	96 
6311	10 
6312	82 
6313	157 
6314	40 
6315	285 
6316	241 
6317	16 
6318	283 
6319	44 
6320	1 
6321	269 
6322	66 
6323	216 
6324	243 
6325	205 
6326	251 
6327	15 
6328	274 
6329	67 
6330	156 
6331	141 
6332	166 
6333	66 
6334	299 
6335	75 
6336	58 
6337	250 
6338	18 
6339	147 
6340	12 
6341	72 
6342	306 
6343	103 
6344	4 
6345	159 
6346	44 
6347	256 
6348	288 
6349	78 
6350	28 
6351	216 
6352	199 
6353	33 
6354	49 
6355	44 
6356	272 
6357	8 
6358	251 
6359	82 
6360	134 
6361	180 
6362	171 
6363	49 
6364	194 
6365	5 
6366	280 
6367	90 
6368	107 
6369	168 
6370	29 
6371	179 
6372	168 
6373	19 
6374	254 
6375	31 
6376	279 
6377	248 
6378	95 
6379	16 
6380	31 
6381	75 
6382	249 
6383	31 
6384	214 
6385	41 
6386	192 
6387	134 
6388	114 
6389	50 
6390	27 
6391	21 
6392	68 
6393	102 
6394	152 
6395	305 
6396	5 
6397	23 
6398	125 
6399	162 
6400	223 
6401	181 
6402	304 
6403	249 
6404	247 
6405	26 
6406	175 
6407	177 
6408	26 
6409	106 
6410	241 
6411	159 
6412	100 
6413	192 
6414	287 
6415	149 
6416	107 
6417	200 
6418	85 
6419	209 
6420	213 
6421	172 
6422	238 
6423	301 
6424	279 
6425	75 
6426	214 
6427	253 
6428	68 
6429	121 
6430	102 
6431	38 
6432	284 
6433	47 
6434	181 
6435	291 
6436	129 
6437	145 
6438	76 
6439	121 
6440	73 
6441	175 
6442	2 
6443	59 
6444	17 
6445	274 
6446	210 
6447	87 
6448	104 
6449	220 
6450	230 
6451	134 
6452	107 
6453	299 
6454	185 
6455	87 
6456	301 
6457	278 
6458	51 
6459	212 
6460	81 
6461	271 
6462	105 
6463	234 
6464	287 
6465	139 
6466	224 
6467	55 
6468	125 
6469	17 
6470	8 
6471	106 
6472	203 
6473	67 
6474	241 
6475	40 
6476	248 
6477	101 
6478	124 
6479	11 
6480	9 
6481	253 
6482	121 
6483	79 
6484	248 
6485	267 
6486	284 
6487	61 
6488	177 
6489	12 
6490	287 
6491	82 
6492	137 
6493	223 
6494	259 
6495	186 
6496	246 
6497	173 
6498	38 
6499	69 
6500	19 
6501	250 
6502	23 
6503	245 
6504	260 
6505	233 
6506	173 
6507	164 
6508	83 
6509	123 
6510	94 
6511	250 
6512	170 
6513	183 
6514	307 
6515	244 
6516	183 
6517	121 
6518	6 
6519	210 
6520	282 
6521	119 
6522	254 
6523	234 
6524	252 
6525	125 
6526	70 
6527	145 
6528	46 
6529	288 
6530	16 
6531	12 
6532	35 
6533	294 
6534	263 
6535	270 
6536	110 
6537	103 
6538	133 
6539	220 
6540	18 
6541	40 
6542	297 
6543	140 
6544	82 
6545	28 
6546	262 
6547	121 
6548	44 
6549	53 
6550	58 
6551	226 
6552	188 
6553	299 
6554	220 
6555	199 
6556	104 
6557	221 
6558	190 
6559	108 
6560	236 
6561	47 
6562	149 
6563	270 
6564	133 
6565	194 
6566	152 
6567	303 
6568	74 
6569	254 
6570	185 
6571	126 
6572	284 
6573	230 
6574	9 
6575	78 
6576	182 
6577	253 
6578	29 
6579	133 
6580	147 
6581	261 
6582	178 
6583	84 
6584	84 
6585	98 
6586	266 
6587	228 
6588	20 
6589	84 
6590	109 
6591	190 
6592	9 
6593	288 
6594	164 
6595	125 
6596	24 
6597	172 
6598	263 
6599	48 
6600	277 
6601	217 
6602	111 
6603	146 
6604	107 
6605	129 
6606	214 
6607	150 
6608	31 
6609	36 
6610	33 
6611	152 
6612	126 
6613	23 
6614	193 
6615	30 
6616	187 
6617	2 
6618	25 
6619	142 
6620	130 
6621	77 
6622	300 
6623	225 
6624	182 
6625	189 
6626	187 
6627	206 
6628	72 
6629	116 
6630	258 
6631	42 
6632	120 
6633	240 
6634	154 
6635	43 
6636	119 
6637	145 
6638	165 
6639	213 
6640	117 
6641	243 
6642	74 
6643	146 
6644	178 
6645	172 
6646	126 
6647	57 
6648	300 
6649	2 
6650	241 
6651	114 
6652	301 
6653	256 
6654	47 
6655	64 
6656	204 
6657	122 
6658	159 
6659	145 
6660	300 
6661	68 
6662	259 
6663	286 
6664	240 
6665	132 
6666	17 
6667	248 
6668	242 
6669	114 
6670	123 
6671	109 
6672	32 
6673	235 
6674	257 
6675	285 
6676	93 
6677	121 
6678	155 
6679	131 
6680	3 
6681	263 
6682	266 
6683	238 
6684	62 
6685	307 
6686	187 
6687	270 
6688	161 
6689	124 
6690	32 
6691	111 
6692	304 
6693	296 
6694	298 
6695	306 
6696	12 
6697	130 
6698	101 
6699	38 
6700	78 
6701	9 
6702	96 
6703	215 
6704	4 
6705	285 
6706	227 
6707	138 
6708	159 
6709	126 
6710	28 
6711	51 
6712	101 
6713	185 
6714	148 
6715	287 
6716	292 
6717	49 
6718	140 
6719	13 
6720	197 
6721	238 
6722	163 
6723	197 
6724	263 
6725	96 
6726	121 
6727	56 
6728	67 
6729	92 
6730	98 
6731	23 
6732	25 
6733	252 
6734	274 
6735	171 
6736	281 
6737	44 
6738	144 
6739	35 
6740	112 
6741	79 
6742	48 
6743	62 
6744	29 
6745	126 
6746	205 
6747	299 
6748	3 
6749	161 
6750	164 
6751	288 
6752	18 
6753	300 
6754	40 
6755	213 
6756	209 
6757	280 
6758	178 
6759	128 
6760	109 
6761	213 
6762	38 
6763	246 
6764	122 
6765	16 
6766	10 
6767	270 
6768	186 
6769	291 
6770	154 
6771	50 
6772	72 
6773	45 
6774	185 
6775	38 
6776	229 
6777	276 
6778	206 
6779	101 
6780	116 
6781	205 
6782	41 
6783	176 
6784	126 
6785	188 
6786	55 
6787	246 
6788	71 
6789	184 
6790	82 
6791	234 
6792	232 
6793	289 
6794	1 
6795	27 
6796	153 
6797	120 
6798	234 
6799	183 
6800	119 
6801	134 
6802	143 
6803	68 
6804	17 
6805	177 
6806	243 
6807	273 
6808	120 
6809	48 
6810	261 
6811	30 
6812	230 
6813	14 
6814	60 
6815	231 
6816	201 
6817	191 
6818	193 
6819	22 
6820	18 
6821	19 
6822	233 
6823	176 
6824	170 
6825	250 
6826	26 
6827	301 
6828	213 
6829	252 
6830	133 
6831	264 
6832	11 
6833	17 
6834	64 
6835	184 
6836	183 
6837	43 
6838	108 
6839	44 
6840	142 
6841	91 
6842	21 
6843	175 
6844	67 
6845	220 
6846	52 
6847	82 
6848	50 
6849	41 
6850	144 
6851	81 
6852	196 
6853	281 
6854	245 
6855	296 
6856	302 
6857	304 
6858	110 
6859	195 
6860	247 
6861	76 
6862	127 
6863	48 
6864	165 
6865	219 
6866	171 
6867	297 
6868	213 
6869	102 
6870	28 
6871	16 
6872	297 
6873	299 
6874	214 
6875	106 
6876	249 
6877	187 
6878	175 
6879	304 
6880	240 
6881	226 
6882	66 
6883	30 
6884	224 
6885	116 
6886	151 
6887	248 
6888	299 
6889	138 
6890	232 
6891	163 
6892	231 
6893	150 
6894	2 
6895	67 
6896	119 
6897	113 
6898	129 
6899	275 
6900	228 
6901	170 
6902	17 
6903	89 
6904	136 
6905	25 
6906	251 
6907	303 
6908	201 
6909	264 
6910	34 
6911	54 
6912	164 
6913	16 
6914	298 
6915	129 
6916	69 
6917	292 
6918	93 
6919	249 
6920	292 
6921	74 
6922	132 
6923	304 
6924	12 
6925	233 
6926	94 
6927	126 
6928	164 
6929	7 
6930	42 
6931	136 
6932	290 
6933	66 
6934	112 
6935	4 
6936	294 
6937	91 
6938	60 
6939	49 
6940	261 
6941	290 
6942	222 
6943	212 
6944	290 
6945	81 
6946	184 
6947	159 
6948	117 
6949	251 
6950	62 
6951	94 
6952	269 
6953	223 
6954	23 
6955	79 
6956	305 
6957	6 
6958	171 
6959	156 
6960	181 
6961	290 
6962	43 
6963	239 
6964	52 
6965	7 
6966	150 
6967	81 
6968	113 
6969	169 
6970	208 
6971	251 
6972	42 
6973	213 
6974	307 
6975	169 
6976	296 
6977	140 
6978	98 
6979	271 
6980	3 
6981	295 
6982	24 
6983	263 
6984	48 
6985	109 
6986	152 
6987	168 
6988	45 
6989	235 
6990	125 
6991	279 
6992	86 
6993	34 
6994	222 
6995	152 
6996	127 
6997	236 
6998	287 
6999	138 
7000	9 
7001	221 
7002	217 
7003	109 
7004	13 
7005	159 
7006	230 
7007	271 
7008	31 
7009	291 
7010	283 
7011	107 
7012	140 
7013	170 
7014	215 
7015	102 
7016	14 
7017	267 
7018	149 
7019	73 
7020	150 
7021	296 
7022	283 
7023	55 
7024	234 
7025	207 
7026	270 
7027	122 
7028	92 
7029	48 
7030	82 
7031	32 
7032	85 
7033	115 
7034	130 
7035	8 
7036	99 
7037	138 
7038	189 
7039	134 
7040	73 
7041	275 
7042	147 
7043	65 
7044	275 
7045	3 
7046	247 
7047	300 
7048	149 
7049	244 
7050	148 
7051	135 
7052	123 
7053	28 
7054	30 
7055	96 
7056	75 
7057	139 
7058	77 
7059	232 
7060	129 
7061	69 
7062	279 
7063	114 
7064	274 
7065	138 
7066	176 
7067	71 
7068	68 
7069	158 
7070	289 
7071	174 
7072	88 
7073	254 
7074	288 
7075	88 
7076	63 
7077	154 
7078	225 
7079	147 
7080	183 
7081	180 
7082	38 
7083	57 
7084	196 
7085	160 
7086	66 
7087	276 
7088	182 
7089	142 
7090	59 
7091	113 
7092	178 
7093	267 
7094	299 
7095	190 
7096	158 
7097	18 
7098	11 
7099	258 
7100	275 
7101	256 
7102	219 
7103	75 
7104	225 
7105	302 
7106	40 
7107	17 
7108	50 
7109	142 
7110	289 
7111	43 
7112	157 
7113	162 
7114	189 
7115	289 
7116	277 
7117	140 
7118	104 
7119	180 
7120	145 
7121	113 
7122	96 
7123	296 
7124	237 
7125	116 
7126	37 
7127	26 
7128	56 
7129	73 
7130	244 
7131	123 
7132	170 
7133	222 
7134	20 
7135	291 
7136	120 
7137	210 
7138	7 
7139	253 
7140	131 
7141	213 
7142	260 
7143	287 
7144	279 
7145	285 
7146	32 
7147	112 
7148	161 
7149	278 
7150	146 
7151	223 
7152	295 
7153	178 
7154	116 
7155	33 
7156	274 
7157	221 
7158	42 
7159	242 
7160	257 
7161	138 
7162	18 
7163	3 
7164	217 
7165	236 
7166	39 
7167	243 
7168	178 
7169	50 
7170	298 
7171	228 
7172	234 
7173	179 
7174	103 
7175	252 
7176	287 
7177	89 
7178	151 
7179	36 
7180	152 
7181	183 
7182	41 
7183	214 
7184	284 
7185	149 
7186	180 
7187	175 
7188	39 
7189	251 
7190	278 
7191	268 
7192	20 
7193	89 
7194	243 
7195	254 
7196	201 
7197	206 
7198	136 
7199	139 
7200	9 
7201	197 
7202	263 
7203	278 
7204	94 
7205	263 
7206	299 
7207	9 
7208	201 
7209	201 
7210	31 
7211	234 
7212	57 
7213	230 
7214	231 
7215	65 
7216	55 
7217	306 
7218	222 
7219	171 
7220	99 
7221	145 
7222	96 
7223	166 
7224	132 
7225	273 
7226	197 
7227	76 
7228	187 
7229	87 
7230	66 
7231	48 
7232	20 
7233	233 
7234	218 
7235	89 
7236	248 
7237	178 
7238	206 
7239	245 
7240	87 
7241	146 
7242	118 
7243	88 
7244	222 
7245	106 
7246	66 
7247	149 
7248	69 
7249	182 
7250	301 
7251	296 
7252	81 
7253	110 
7254	39 
7255	235 
7256	170 
7257	72 
7258	43 
7259	32 
7260	250 
7261	134 
7262	304 
7263	14 
7264	206 
7265	160 
7266	40 
7267	131 
7268	245 
7269	111 
7270	214 
7271	31 
7272	65 
7273	54 
7274	229 
7275	86 
7276	54 
7277	304 
7278	263 
7279	303 
7280	182 
7281	306 
7282	248 
7283	41 
7284	304 
7285	176 
7286	123 
7287	136 
7288	41 
7289	164 
7290	254 
7291	55 
7292	9 
7293	172 
7294	165 
7295	109 
7296	212 
7297	172 
7298	25 
7299	75 
7300	88 
7301	56 
7302	19 
7303	159 
7304	154 
7305	80 
7306	234 
7307	92 
7308	145 
7309	86 
7310	101 
7311	141 
7312	55 
7313	183 
7314	8 
7315	28 
7316	213 
7317	225 
7318	239 
7319	223 
7320	267 
7321	53 
7322	48 
7323	233 
7324	122 
7325	293 
7326	28 
7327	169 
7328	97 
7329	159 
7330	263 
7331	246 
7332	113 
7333	170 
7334	194 
7335	243 
7336	243 
7337	195 
7338	4 
7339	48 
7340	209 
7341	28 
7342	193 
7343	84 
7344	157 
7345	165 
7346	48 
7347	112 
7348	4 
7349	21 
7350	110 
7351	27 
7352	19 
7353	252 
7354	24 
7355	149 
7356	24 
7357	283 
7358	133 
7359	262 
7360	303 
7361	31 
7362	49 
7363	243 
7364	256 
7365	281 
7366	128 
7367	15 
7368	162 
7369	296 
7370	165 
7371	173 
7372	113 
7373	173 
7374	271 
7375	218 
7376	65 
7377	239 
7378	242 
7379	109 
7380	187 
7381	220 
7382	102 
7383	88 
7384	182 
7385	250 
7386	82 
7387	233 
7388	61 
7389	289 
7390	259 
7391	121 
7392	14 
7393	14 
7394	106 
7395	27 
7396	189 
7397	187 
7398	182 
7399	184 
7400	96 
7401	121 
7402	2 
7403	178 
7404	243 
7405	74 
7406	82 
7407	55 
7408	215 
7409	72 
7410	72 
7411	134 
7412	80 
7413	46 
7414	285 
7415	252 
7416	3 
7417	288 
7418	209 
7419	266 
7420	248 
7421	195 
7422	158 
7423	42 
7424	99 
7425	213 
7426	281 
7427	299 
7428	135 
7429	229 
7430	22 
7431	10 
7432	282 
7433	186 
7434	250 
7435	261 
7436	55 
7437	149 
7438	191 
7439	42 
7440	193 
7441	73 
7442	106 
7443	226 
7444	122 
7445	244 
7446	189 
7447	91 
7448	187 
7449	166 
7450	253 
7451	160 
7452	110 
7453	133 
7454	61 
7455	297 
7456	227 
7457	162 
7458	140 
7459	68 
7460	258 
7461	120 
7462	141 
7463	229 
7464	262 
7465	95 
7466	7 
7467	155 
7468	121 
7469	120 
7470	201 
7471	125 
7472	231 
7473	146 
7474	296 
7475	99 
7476	152 
7477	228 
7478	14 
7479	204 
7480	9 
7481	100 
7482	111 
7483	294 
7484	207 
7485	243 
7486	87 
7487	206 
7488	260 
7489	4 
7490	300 
7491	16 
7492	11 
7493	69 
7494	37 
7495	27 
7496	185 
7497	220 
7498	84 
7499	173 
7500	145 
7501	96 
7502	132 
7503	187 
7504	59 
7505	85 
7506	144 
7507	273 
7508	176 
7509	272 
7510	307 
7511	303 
7512	93 
7513	189 
7514	202 
7515	145 
7516	162 
7517	23 
7518	1 
7519	212 
7520	250 
7521	283 
7522	74 
7523	191 
7524	216 
7525	12 
7526	38 
7527	262 
7528	202 
7529	129 
7530	6 
7531	142 
7532	49 
7533	77 
7534	253 
7535	29 
7536	54 
7537	4 
7538	22 
7539	179 
7540	29 
7541	7 
7542	40 
7543	96 
7544	94 
7545	57 
7546	276 
7547	224 
7548	238 
7549	144 
7550	94 
7551	81 
7552	216 
7553	236 
7554	96 
7555	91 
7556	122 
7557	212 
7558	163 
7559	32 
7560	3 
7561	52 
7562	140 
7563	10 
7564	23 
7565	146 
7566	107 
7567	20 
7568	209 
7569	153 
7570	44 
7571	278 
7572	266 
7573	121 
7574	216 
7575	179 
7576	224 
7577	177 
7578	81 
7579	220 
7580	217 
7581	185 
7582	197 
7583	184 
7584	97 
7585	213 
7586	55 
7587	131 
7588	184 
7589	225 
7590	31 
7591	24 
7592	50 
7593	163 
7594	199 
7595	67 
7596	277 
7597	276 
7598	253 
7599	118 
7600	40 
7601	24 
7602	67 
7603	230 
7604	31 
7605	59 
7606	217 
7607	209 
7608	222 
7609	282 
7610	169 
7611	216 
7612	54 
7613	33 
7614	47 
7615	59 
7616	44 
7617	157 
7618	115 
7619	113 
7620	238 
7621	175 
7622	285 
7623	7 
7624	90 
7625	148 
7626	296 
7627	272 
7628	113 
7629	154 
7630	199 
7631	262 
7632	145 
7633	37 
7634	126 
7635	274 
7636	81 
7637	266 
7638	225 
7639	103 
7640	74 
7641	156 
7642	83 
7643	39 
7644	297 
7645	67 
7646	251 
7647	160 
7648	231 
7649	123 
7650	275 
7651	162 
7652	22 
7653	307 
7654	42 
7655	298 
7656	204 
7657	267 
7658	13 
7659	149 
7660	188 
7661	42 
7662	187 
7663	109 
7664	277 
7665	28 
7666	232 
7667	305 
7668	30 
7669	35 
7670	44 
7671	235 
7672	83 
7673	271 
7674	80 
7675	254 
7676	106 
7677	125 
7678	179 
7679	60 
7680	222 
7681	40 
7682	219 
7683	192 
7684	149 
7685	97 
7686	167 
7687	255 
7688	241 
7689	122 
7690	218 
7691	159 
7692	174 
7693	199 
7694	114 
7695	179 
7696	296 
7697	106 
7698	123 
7699	212 
7700	27 
7701	120 
7702	239 
7703	22 
7704	39 
7705	112 
7706	263 
7707	56 
7708	210 
7709	78 
7710	300 
7711	178 
7712	71 
7713	109 
7714	166 
7715	149 
7716	142 
7717	123 
7718	51 
7719	28 
7720	244 
7721	196 
7722	46 
7723	161 
7724	174 
7725	204 
7726	151 
7727	262 
7728	97 
7729	31 
7730	197 
7731	232 
7732	81 
7733	164 
7734	152 
7735	177 
7736	255 
7737	250 
7738	269 
7739	122 
7740	186 
7741	175 
7742	109 
7743	50 
7744	71 
7745	45 
7746	160 
7747	206 
7748	16 
7749	179 
7750	145 
7751	238 
7752	255 
7753	232 
7754	66 
7755	73 
7756	183 
7757	278 
7758	284 
7759	281 
7760	125 
7761	306 
7762	237 
7763	23 
7764	90 
7765	276 
7766	90 
7767	175 
7768	250 
7769	254 
7770	187 
7771	42 
7772	109 
7773	234 
7774	125 
7775	122 
7776	126 
7777	200 
7778	258 
7779	276 
7780	163 
7781	297 
7782	214 
7783	238 
7784	232 
7785	59 
7786	187 
7787	141 
7788	113 
7789	96 
7790	23 
7791	219 
7792	138 
7793	240 
7794	121 
7795	90 
7796	126 
7797	87 
7798	216 
7799	269 
7800	274 
7801	166 
7802	132 
7803	31 
7804	306 
7805	12 
7806	163 
7807	250 
7808	205 
7809	77 
7810	50 
7811	209 
7812	162 
7813	269 
7814	140 
7815	307 
7816	265 
7817	6 
7818	165 
7819	177 
7820	141 
7821	100 
7822	221 
7823	42 
7824	55 
7825	237 
7826	130 
7827	178 
7828	193 
7829	278 
7830	21 
7831	190 
7832	225 
7833	134 
7834	143 
7835	234 
7836	96 
7837	184 
7838	119 
7839	139 
7840	29 
7841	277 
7842	21 
7843	298 
7844	12 
7845	37 
7846	297 
7847	50 
7848	21 
7849	93 
7850	190 
7851	202 
7852	304 
7853	114 
7854	213 
7855	287 
7856	122 
7857	75 
7858	174 
7859	120 
7860	225 
7861	104 
7862	92 
7863	93 
7864	46 
7865	181 
7866	214 
7867	282 
7868	252 
7869	241 
7870	35 
7871	44 
7872	275 
7873	273 
7874	72 
7875	156 
7876	73 
7877	47 
7878	213 
7879	61 
7880	83 
7881	190 
7882	44 
7883	88 
7884	152 
7885	212 
7886	185 
7887	72 
7888	262 
7889	243 
7890	283 
7891	82 
7892	17 
7893	95 
7894	263 
7895	5 
7896	201 
7897	8 
7898	72 
7899	162 
7900	106 
7901	77 
7902	54 
7903	300 
7904	7 
7905	119 
7906	134 
7907	5 
7908	32 
7909	304 
7910	219 
7911	254 
7912	219 
7913	16 
7914	29 
7915	303 
7916	274 
7917	148 
7918	81 
7919	295 
7920	44 
7921	143 
7922	212 
7923	16 
7924	113 
7925	278 
7926	251 
7927	90 
7928	78 
7929	138 
7930	48 
7931	277 
7932	101 
7933	39 
7934	50 
7935	13 
7936	29 
7937	120 
7938	196 
7939	16 
7940	81 
7941	7 
7942	59 
7943	272 
7944	136 
7945	204 
7946	63 
7947	293 
7948	152 
7949	175 
7950	120 
7951	129 
7952	139 
7953	20 
7954	100 
7955	297 
7956	291 
7957	29 
7958	142 
7959	6 
7960	103 
7961	138 
7962	140 
7963	132 
7964	129 
7965	114 
7966	251 
7967	8 
7968	18 
7969	138 
7970	205 
7971	92 
7972	87 
7973	183 
7974	73 
7975	213 
7976	211 
7977	204 
7978	143 
7979	106 
7980	218 
7981	128 
7982	200 
7983	14 
7984	305 
7985	164 
7986	243 
7987	133 
7988	122 
7989	109 
7990	267 
7991	136 
7992	266 
7993	186 
7994	109 
7995	142 
7996	206 
7997	84 
7998	169 
7999	267 
8000	159 
8001	236 
8002	100 
8003	210 
8004	235 
8005	83 
8006	66 
8007	233 
8008	240 
8009	113 
8010	25 
8011	269 
8012	282 
8013	168 
8014	50 
8015	14 
8016	276 
8017	149 
8018	194 
8019	227 
8020	245 
8021	198 
8022	306 
8023	96 
8024	164 
8025	298 
8026	245 
8027	27 
8028	267 
8029	297 
8030	267 
8031	253 
8032	122 
8033	233 
8034	154 
8035	50 
8036	261 
8037	155 
8038	4 
8039	141 
8040	271 
8041	144 
8042	184 
8043	191 
8044	81 
8045	55 
8046	115 
8047	164 
8048	166 
8049	79 
8050	196 
8051	61 
8052	274 
8053	128 
8054	49 
8055	64 
8056	103 
8057	124 
8058	111 
8059	83 
8060	130 
8061	133 
8062	287 
8063	69 
8064	20 
8065	245 
8066	129 
8067	8 
8068	59 
8069	101 
8070	204 
8071	22 
8072	224 
8073	297 
8074	27 
8075	86 
8076	57 
8077	223 
8078	246 
8079	146 
8080	24 
8081	64 
8082	76 
8083	93 
8084	283 
8085	197 
8086	168 
8087	126 
8088	155 
8089	60 
8090	9 
8091	160 
8092	1 
8093	234 
8094	122 
8095	12 
8096	136 
8097	239 
8098	154 
8099	270 
8100	230 
8101	22 
8102	205 
8103	182 
8104	238 
8105	45 
8106	63 
8107	300 
8108	43 
8109	116 
8110	215 
8111	82 
8112	65 
8113	31 
8114	97 
8115	107 
8116	210 
8117	251 
8118	13 
8119	122 
8120	59 
8121	68 
8122	142 
8123	27 
8124	69 
8125	251 
8126	49 
8127	272 
8128	228 
8129	152 
8130	161 
8131	179 
8132	268 
8133	288 
8134	156 
8135	196 
8136	118 
8137	302 
8138	180 
8139	105 
8140	74 
8141	122 
8142	250 
8143	305 
8144	122 
8145	189 
8146	191 
8147	9 
8148	69 
8149	299 
8150	132 
8151	70 
8152	28 
8153	25 
8154	132 
8155	182 
8156	248 
8157	139 
8158	54 
8159	292 
8160	27 
8161	262 
8162	190 
8163	257 
8164	130 
8165	159 
8166	230 
8167	204 
8168	73 
8169	211 
8170	128 
8171	39 
8172	3 
8173	135 
8174	212 
8175	144 
8176	34 
8177	219 
8178	74 
8179	199 
8180	287 
8181	25 
8182	255 
8183	29 
8184	55 
8185	121 
8186	34 
8187	21 
8188	89 
8189	176 
8190	191 
8191	208 
8192	13 
8193	19 
8194	283 
8195	184 
8196	7 
8197	210 
8198	214 
8199	11 
8200	287 
8201	229 
8202	85 
8203	201 
8204	142 
8205	63 
8206	37 
8207	199 
8208	103 
8209	134 
8210	66 
8211	220 
8212	187 
8213	133 
8214	27 
8215	45 
8216	85 
8217	20 
8218	77 
8219	57 
8220	249 
8221	4 
8222	88 
8223	142 
8224	121 
8225	17 
8226	186 
8227	52 
8228	178 
8229	31 
8230	206 
8231	20 
8232	264 
8233	245 
8234	65 
8235	26 
8236	246 
8237	139 
8238	160 
8239	230 
8240	41 
8241	184 
8242	300 
8243	265 
8244	142 
8245	143 
8246	242 
8247	251 
8248	53 
8249	63 
8250	109 
8251	97 
8252	258 
8253	97 
8254	121 
8255	250 
8256	219 
8257	298 
8258	158 
8259	225 
8260	294 
8261	66 
8262	217 
8263	167 
8264	118 
8265	150 
8266	211 
8267	101 
8268	212 
8269	229 
8270	124 
8271	256 
8272	237 
8273	306 
8274	287 
8275	283 
8276	34 
8277	129 
8278	236 
8279	23 
8280	240 
8281	182 
8282	279 
8283	3 
8284	62 
8285	173 
8286	215 
8287	140 
8288	53 
8289	66 
8290	187 
8291	266 
8292	120 
8293	96 
8294	230 
8295	128 
8296	51 
8297	55 
8298	227 
8299	3 
8300	157 
8301	28 
8302	87 
8303	18 
8304	238 
8305	253 
8306	307 
8307	100 
8308	11 
8309	260 
8310	201 
8311	5 
8312	145 
8313	272 
8314	250 
8315	148 
8316	116 
8317	262 
8318	157 
8319	186 
8320	115 
8321	202 
8322	56 
8323	18 
8324	91 
8325	212 
8326	1 
8327	243 
8328	14 
8329	22 
8330	210 
8331	17 
8332	241 
8333	263 
8334	64 
8335	239 
8336	54 
8337	56 
8338	119 
8339	95 
8340	250 
8341	55 
8342	63 
8343	146 
8344	243 
8345	195 
8346	157 
8347	221 
8348	163 
8349	209 
8350	37 
8351	144 
8352	119 
8353	28 
8354	136 
8355	169 
8356	138 
8357	170 
8358	258 
8359	296 
8360	162 
8361	142 
8362	134 
8363	268 
8364	186 
8365	40 
8366	184 
8367	171 
8368	84 
8369	3 
8370	145 
8371	204 
8372	307 
8373	202 
8374	126 
8375	300 
8376	200 
8377	283 
8378	142 
8379	61 
8380	58 
8381	105 
8382	211 
8383	188 
8384	109 
8385	230 
8386	270 
8387	122 
8388	255 
8389	17 
8390	144 
8391	188 
8392	53 
8393	168 
8394	243 
8395	134 
8396	29 
8397	203 
8398	306 
8399	229 
8400	88 
8401	135 
8402	50 
8403	59 
8404	213 
8405	150 
8406	99 
8407	304 
8408	230 
8409	274 
8410	120 
8411	19 
8412	162 
8413	114 
8414	136 
8415	171 
8416	209 
8417	87 
8418	48 
8419	192 
8420	269 
8421	201 
8422	215 
8423	81 
8424	139 
8425	224 
8426	113 
8427	49 
8428	112 
8429	277 
8430	181 
8431	267 
8432	271 
8433	2 
8434	243 
8435	99 
8436	307 
8437	145 
8438	93 
8439	79 
8440	168 
8441	271 
8442	38 
8443	123 
8444	58 
8445	253 
8446	256 
8447	301 
8448	108 
8449	209 
8450	148 
8451	88 
8452	157 
8453	292 
8454	153 
8455	120 
8456	258 
8457	161 
8458	25 
8459	195 
8460	121 
8461	222 
8462	193 
8463	214 
8464	13 
8465	283 
8466	75 
8467	79 
8468	263 
8469	199 
8470	65 
8471	296 
8472	96 
8473	29 
8474	166 
8475	45 
8476	307 
8477	295 
8478	18 
8479	179 
8480	224 
8481	50 
8482	219 
8483	133 
8484	231 
8485	159 
8486	170 
8487	299 
8488	240 
8489	194 
8490	123 
8491	278 
8492	226 
8493	279 
8494	127 
8495	265 
8496	167 
8497	237 
8498	251 
8499	13 
8500	6 
8501	39 
8502	119 
8503	120 
8504	218 
8505	16 
8506	171 
8507	108 
8508	97 
8509	87 
8510	126 
8511	30 
8512	143 
8513	111 
8514	252 
8515	252 
8516	81 
8517	34 
8518	53 
8519	103 
8520	241 
8521	94 
8522	139 
8523	14 
8524	194 
8525	1 
8526	97 
8527	151 
8528	103 
8529	238 
8530	239 
8531	51 
8532	70 
8533	22 
8534	138 
8535	185 
8536	23 
8537	265 
8538	236 
8539	202 
8540	110 
8541	16 
8542	296 
8543	254 
8544	183 
8545	7 
8546	37 
8547	281 
8548	176 
8549	178 
8550	301 
8551	149 
8552	121 
8553	274 
8554	228 
8555	210 
8556	40 
8557	112 
8558	27 
8559	222 
8560	50 
8561	288 
8562	3 
8563	55 
8564	75 
8565	263 
8566	164 
8567	69 
8568	291 
8569	251 
8570	107 
8571	282 
8572	54 
8573	278 
8574	126 
8575	281 
8576	220 
8577	213 
8578	109 
8579	52 
8580	116 
8581	210 
8582	230 
8583	170 
8584	296 
8585	4 
8586	241 
8587	230 
8588	263 
8589	248 
8590	172 
8591	110 
8592	149 
8593	48 
8594	160 
8595	60 
8596	158 
8597	98 
8598	153 
8599	257 
8600	101 
8601	140 
8602	89 
8603	191 
8604	234 
8605	206 
8606	193 
8607	238 
8608	297 
8609	236 
8610	160 
8611	98 
8612	307 
8613	213 
8614	120 
8615	3 
8616	288 
8617	34 
8618	14 
8619	132 
8620	171 
8621	184 
8622	229 
8623	136 
8624	291 
8625	169 
8626	290 
8627	39 
8628	36 
8629	284 
8630	302 
8631	206 
8632	263 
8633	155 
8634	17 
8635	194 
8636	197 
8637	126 
8638	169 
8639	50 
8640	79 
8641	280 
8642	126 
8643	135 
8644	59 
8645	157 
8646	23 
8647	220 
8648	98 
8649	73 
8650	254 
8651	187 
8652	126 
8653	233 
8654	109 
8655	215 
8656	219 
8657	151 
8658	237 
8659	100 
8660	232 
8661	286 
8662	281 
8663	22 
8664	16 
8665	184 
8666	300 
8667	121 
8668	14 
8669	68 
8670	49 
8671	227 
8672	53 
8673	175 
8674	25 
8675	68 
8676	289 
8677	10 
8678	86 
8679	267 
8680	59 
8681	193 
8682	259 
8683	66 
8684	250 
8685	82 
8686	9 
8687	122 
8688	55 
8689	10 
8690	95 
8691	278 
8692	89 
8693	68 
8694	56 
8695	96 
8696	280 
8697	146 
8698	223 
8699	158 
8700	112 
8701	307 
8702	114 
8703	137 
8704	212 
8705	18 
8706	98 
8707	145 
8708	295 
8709	259 
8710	98 
8711	127 
8712	180 
8713	137 
8714	52 
8715	157 
8716	264 
8717	300 
8718	6 
8719	152 
8720	306 
8721	149 
8722	183 
8723	258 
8724	120 
8725	244 
8726	147 
8727	18 
8728	305 
8729	86 
8730	161 
8731	221 
8732	227 
8733	130 
8734	239 
8735	222 
8736	179 
8737	63 
8738	136 
8739	271 
8740	66 
8741	189 
8742	276 
8743	3 
8744	292 
8745	297 
8746	201 
8747	83 
8748	227 
8749	131 
8750	222 
8751	2 
8752	240 
8753	270 
8754	25 
8755	62 
8756	208 
8757	63 
8758	184 
8759	278 
8760	35 
8761	96 
8762	296 
8763	298 
8764	205 
8765	175 
8766	188 
8767	289 
8768	178 
8769	219 
8770	288 
8771	269 
8772	148 
8773	23 
8774	49 
8775	218 
8776	113 
8777	76 
8778	170 
8779	275 
8780	191 
8781	174 
8782	77 
8783	119 
8784	12 
8785	3 
8786	116 
8787	135 
8788	103 
8789	143 
8790	140 
8791	67 
8792	298 
8793	243 
8794	259 
8795	4 
8796	224 
8797	7 
8798	158 
8799	80 
8800	293 
8801	6 
8802	76 
8803	51 
8804	101 
8805	208 
8806	253 
8807	280 
8808	276 
8809	61 
8810	170 
8811	122 
8812	178 
8813	116 
8814	93 
8815	44 
8816	241 
8817	306 
8818	161 
8819	16 
8820	171 
8821	124 
8822	73 
8823	133 
8824	97 
8825	177 
8826	50 
8827	73 
8828	292 
8829	125 
8830	7 
8831	107 
8832	86 
8833	249 
8834	304 
8835	279 
8836	142 
8837	297 
8838	273 
8839	204 
8840	118 
8841	202 
8842	66 
8843	258 
8844	244 
8845	283 
8846	5 
8847	65 
8848	158 
8849	260 
8850	281 
8851	27 
8852	156 
8853	14 
8854	212 
8855	22 
8856	275 
8857	156 
8858	79 
8859	52 
8860	165 
8861	238 
8862	286 
8863	26 
8864	256 
8865	194 
8866	62 
8867	151 
8868	191 
8869	65 
8870	198 
8871	29 
8872	142 
8873	50 
8874	102 
8875	152 
8876	45 
8877	114 
8878	178 
8879	38 
8880	177 
8881	3 
8882	93 
8883	88 
8884	273 
8885	150 
8886	298 
8887	205 
8888	9 
8889	89 
8890	302 
8891	178 
8892	259 
8893	114 
8894	98 
8895	24 
8896	301 
8897	38 
8898	148 
8899	187 
8900	94 
8901	257 
8902	153 
8903	237 
8904	194 
8905	219 
8906	147 
8907	93 
8908	76 
8909	16 
8910	107 
8911	39 
8912	13 
8913	105 
8914	16 
8915	25 
8916	81 
8917	75 
8918	106 
8919	53 
8920	277 
8921	120 
8922	66 
8923	48 
8924	222 
8925	55 
8926	13 
8927	116 
8928	212 
8929	252 
8930	205 
8931	134 
8932	8 
8933	199 
8934	82 
8935	203 
8936	148 
8937	119 
8938	233 
8939	52 
8940	55 
8941	112 
8942	168 
8943	114 
8944	170 
8945	222 
8946	304 
8947	197 
8948	201 
8949	125 
8950	254 
8951	261 
8952	188 
8953	75 
8954	131 
8955	241 
8956	50 
8957	35 
8958	111 
8959	244 
8960	291 
8961	4 
8962	305 
8963	111 
8964	71 
8965	54 
8966	37 
8967	76 
8968	277 
8969	214 
8970	60 
8971	175 
8972	20 
8973	206 
8974	162 
8975	21 
8976	114 
8977	164 
8978	219 
8979	189 
8980	112 
8981	23 
8982	188 
8983	6 
8984	44 
8985	279 
8986	248 
8987	171 
8988	13 
8989	28 
8990	231 
8991	238 
8992	202 
8993	226 
8994	80 
8995	27 
8996	259 
8997	242 
8998	297 
8999	140 
9000	282 
9001	259 
9002	174 
9003	60 
9004	228 
9005	171 
9006	186 
9007	72 
9008	5 
9009	243 
9010	167 
9011	300 
9012	137 
9013	102 
9014	201 
9015	12 
9016	262 
9017	133 
9018	136 
9019	75 
9020	251 
9021	206 
9022	23 
9023	109 
9024	60 
9025	270 
9026	222 
9027	113 
9028	174 
9029	56 
9030	100 
9031	53 
9032	283 
9033	183 
9034	171 
9035	259 
9036	3 
9037	73 
9038	227 
9039	127 
9040	266 
9041	216 
9042	52 
9043	282 
9044	189 
9045	117 
9046	106 
9047	42 
9048	255 
9049	187 
9050	12 
9051	191 
9052	294 
9053	189 
9054	77 
9055	125 
9056	209 
9057	173 
9058	51 
9059	108 
9060	297 
9061	10 
9062	176 
9063	305 
9064	265 
9065	100 
9066	290 
9067	47 
9068	134 
9069	150 
9070	148 
9071	112 
9072	284 
9073	230 
9074	269 
9075	179 
9076	215 
9077	232 
9078	214 
9079	128 
9080	72 
9081	201 
9082	145 
9083	169 
9084	274 
9085	298 
9086	157 
9087	248 
9088	72 
9089	4 
9090	186 
9091	122 
9092	111 
9093	13 
9094	15 
9095	299 
9096	100 
9097	230 
9098	200 
9099	224 
9100	236 
9101	274 
9102	130 
9103	107 
9104	273 
9105	25 
9106	184 
9107	187 
9108	153 
9109	122 
9110	54 
9111	159 
9112	250 
9113	254 
9114	129 
9115	239 
9116	125 
9117	144 
9118	13 
9119	193 
9120	136 
9121	109 
9122	213 
9123	293 
9124	68 
9125	96 
9126	298 
9127	37 
9128	92 
9129	132 
9130	241 
9131	44 
9132	269 
9133	223 
9134	227 
9135	78 
9136	208 
9137	221 
9138	8 
9139	223 
9140	104 
9141	148 
9142	168 
9143	149 
9144	166 
9145	185 
9146	164 
9147	270 
9148	214 
9149	297 
9150	260 
9151	151 
9152	224 
9153	248 
9154	240 
9155	300 
9156	103 
9157	230 
9158	294 
9159	8 
9160	204 
9161	177 
9162	4 
9163	16 
9164	31 
9165	219 
9166	126 
9167	5 
9168	30 
9169	274 
9170	60 
9171	299 
9172	89 
9173	284 
9174	36 
9175	265 
9176	51 
9177	43 
9178	296 
9179	118 
9180	248 
9181	39 
9182	178 
9183	127 
9184	68 
9185	99 
9186	139 
9187	285 
9188	66 
9189	67 
9190	245 
9191	8 
9192	30 
9193	132 
9194	285 
9195	251 
9196	290 
9197	97 
9198	78 
9199	172 
9200	98 
9201	201 
9202	134 
9203	215 
9204	240 
9205	252 
9206	237 
9207	253 
9208	157 
9209	264 
9210	210 
9211	105 
9212	271 
9213	136 
9214	111 
9215	109 
9216	69 
9217	225 
9218	40 
9219	185 
9220	81 
9221	181 
9222	235 
9223	19 
9224	102 
9225	194 
9226	86 
9227	85 
9228	76 
9229	298 
9230	62 
9231	181 
9232	31 
9233	94 
9234	71 
9235	241 
9236	12 
9237	178 
9238	133 
9239	6 
9240	141 
9241	300 
9242	230 
9243	34 
9244	61 
9245	285 
9246	275 
9247	38 
9248	140 
9249	192 
9250	178 
9251	233 
9252	304 
9253	192 
9254	17 
9255	6 
9256	47 
9257	25 
9258	243 
9259	138 
9260	174 
9261	67 
9262	36 
9263	78 
9264	161 
9265	64 
9266	45 
9267	196 
9268	265 
9269	37 
9270	154 
9271	136 
9272	208 
9273	207 
9274	259 
9275	144 
9276	15 
9277	23 
9278	252 
9279	183 
9280	101 
9281	129 
9282	178 
9283	190 
9284	37 
9285	266 
9286	6 
9287	247 
9288	123 
9289	140 
9290	272 
9291	15 
9292	152 
9293	142 
9294	269 
9295	259 
9296	154 
9297	224 
9298	259 
9299	22 
9300	50 
9301	250 
9302	172 
9303	142 
9304	169 
9305	291 
9306	35 
9307	94 
9308	238 
9309	5 
9310	4 
9311	122 
9312	240 
9313	72 
9314	7 
9315	157 
9316	211 
9317	156 
9318	44 
9319	248 
9320	293 
9321	100 
9322	119 
9323	7 
9324	283 
9325	88 
9326	215 
9327	115 
9328	276 
9329	175 
9330	282 
9331	212 
9332	248 
9333	53 
9334	163 
9335	119 
9336	304 
9337	52 
9338	92 
9339	210 
9340	224 
9341	236 
9342	66 
9343	192 
9344	206 
9345	271 
9346	136 
9347	282 
9348	167 
9349	81 
9350	285 
9351	156 
9352	13 
9353	243 
9354	263 
9355	238 
9356	244 
9357	136 
9358	87 
9359	23 
9360	32 
9361	68 
9362	46 
9363	224 
9364	237 
9365	291 
9366	252 
9367	84 
9368	17 
9369	166 
9370	183 
9371	223 
9372	149 
9373	295 
9374	153 
9375	266 
9376	122 
9377	281 
9378	236 
9379	222 
9380	269 
9381	225 
9382	305 
9383	231 
9384	34 
9385	82 
9386	152 
9387	195 
9388	50 
9389	258 
9390	32 
9391	188 
9392	202 
9393	214 
9394	251 
9395	26 
9396	265 
9397	16 
9398	19 
9399	156 
9400	156 
9401	114 
9402	126 
9403	23 
9404	86 
9405	34 
9406	265 
9407	254 
9408	200 
9409	221 
9410	296 
9411	153 
9412	81 
9413	253 
9414	124 
9415	276 
9416	242 
9417	121 
9418	89 
9419	185 
9420	141 
9421	225 
9422	10 
9423	26 
9424	258 
9425	218 
9426	214 
9427	39 
9428	31 
9429	120 
9430	110 
9431	243 
9432	176 
9433	261 
9434	84 
9435	268 
9436	78 
9437	159 
9438	150 
9439	205 
9440	242 
9441	219 
9442	34 
9443	187 
9444	235 
9445	297 
9446	93 
9447	184 
9448	257 
9449	140 
9450	306 
9451	9 
9452	296 
9453	160 
9454	229 
9455	115 
9456	244 
9457	273 
9458	36 
9459	88 
9460	100 
9461	215 
9462	94 
9463	155 
9464	167 
9465	53 
9466	211 
9467	110 
9468	33 
9469	113 
9470	266 
9471	293 
9472	156 
9473	222 
9474	24 
9475	23 
9476	73 
9477	250 
9478	116 
9479	187 
9480	100 
9481	55 
9482	3 
9483	281 
9484	225 
9485	238 
9486	4 
9487	205 
9488	103 
9489	4 
9490	14 
9491	291 
9492	161 
9493	88 
9494	248 
9495	116 
9496	28 
9497	53 
9498	17 
9499	20 
9500	206 
9501	138 
9502	190 
9503	91 
9504	280 
9505	173 
9506	124 
9507	167 
9508	263 
9509	118 
9510	161 
9511	31 
9512	217 
9513	116 
9514	304 
9515	183 
9516	90 
9517	298 
9518	191 
9519	48 
9520	247 
9521	246 
9522	1 
9523	236 
9524	21 
9525	96 
9526	137 
9527	23 
9528	67 
9529	24 
9530	298 
9531	285 
9532	201 
9533	299 
9534	188 
9535	8 
9536	216 
9537	232 
9538	61 
9539	287 
9540	104 
9541	48 
9542	221 
9543	175 
9544	184 
9545	91 
9546	258 
9547	134 
9548	156 
9549	144 
9550	185 
9551	259 
9552	84 
9553	254 
9554	197 
9555	200 
9556	158 
9557	210 
9558	183 
9559	130 
9560	130 
9561	277 
9562	153 
9563	135 
9564	214 
9565	9 
9566	295 
9567	254 
9568	306 
9569	162 
9570	195 
9571	75 
9572	268 
9573	145 
9574	43 
9575	78 
9576	157 
9577	228 
9578	123 
9579	42 
9580	287 
9581	72 
9582	26 
9583	183 
9584	281 
9585	250 
9586	84 
9587	271 
9588	122 
9589	190 
9590	209 
9591	73 
9592	46 
9593	272 
9594	41 
9595	64 
9596	168 
9597	67 
9598	14 
9599	22 
9600	174 
9601	181 
9602	105 
9603	131 
9604	112 
9605	72 
9606	66 
9607	240 
9608	256 
9609	9 
9610	6 
9611	31 
9612	252 
9613	62 
9614	64 
9615	195 
9616	132 
9617	26 
9618	171 
9619	279 
9620	88 
9621	68 
9622	86 
9623	61 
9624	129 
9625	17 
9626	168 
9627	235 
9628	11 
9629	150 
9630	279 
9631	292 
9632	114 
9633	29 
9634	160 
9635	204 
9636	125 
9637	95 
9638	23 
9639	190 
9640	251 
9641	101 
9642	189 
9643	169 
9644	225 
9645	77 
9646	182 
9647	78 
9648	147 
9649	168 
9650	19 
9651	225 
9652	254 
9653	36 
9654	110 
9655	259 
9656	263 
9657	65 
9658	306 
9659	208 
9660	188 
9661	162 
9662	140 
9663	241 
9664	252 
9665	118 
9666	118 
9667	122 
9668	264 
9669	128 
9670	215 
9671	117 
9672	115 
9673	101 
9674	65 
9675	6 
9676	252 
9677	210 
9678	52 
9679	301 
9680	153 
9681	237 
9682	171 
9683	83 
9684	104 
9685	36 
9686	88 
9687	86 
9688	175 
9689	95 
9690	30 
9691	12 
9692	267 
9693	54 
9694	197 
9695	242 
9696	191 
9697	113 
9698	29 
9699	263 
9700	105 
9701	250 
9702	139 
9703	105 
9704	68 
9705	162 
9706	220 
9707	106 
9708	254 
9709	188 
9710	191 
9711	42 
9712	304 
9713	109 
9714	36 
9715	17 
9716	248 
9717	190 
9718	198 
9719	261 
9720	248 
9721	271 
9722	220 
9723	262 
9724	121 
9725	230 
9726	295 
9727	71 
9728	213 
9729	271 
9730	162 
9731	233 
9732	263 
9733	130 
9734	126 
9735	151 
9736	88 
9737	298 
9738	187 
9739	234 
9740	39 
9741	280 
9742	39 
9743	243 
9744	184 
9745	63 
9746	171 
9747	221 
9748	24 
9749	263 
9750	301 
9751	125 
9752	120 
9753	24 
9754	206 
9755	154 
9756	152 
9757	287 
9758	111 
9759	135 
9760	67 
9761	99 
9762	134 
9763	227 
9764	81 
9765	45 
9766	114 
9767	68 
9768	160 
9769	304 
9770	21 
9771	94 
9772	202 
9773	71 
9774	112 
9775	146 
9776	181 
9777	275 
9778	164 
9779	93 
9780	68 
9781	200 
9782	108 
9783	113 
9784	214 
9785	27 
9786	287 
9787	276 
9788	70 
9789	259 
9790	163 
9791	6 
9792	20 
9793	266 
9794	272 
9795	219 
9796	203 
9797	304 
9798	198 
9799	141 
9800	306 
9801	45 
9802	199 
9803	129 
9804	138 
9805	162 
9806	236 
9807	279 
9808	253 
9809	285 
9810	54 
9811	307 
9812	90 
9813	113 
9814	285 
9815	109 
9816	244 
9817	133 
9818	207 
9819	259 
9820	40 
9821	281 
9822	191 
9823	109 
9824	164 
9825	206 
9826	302 
9827	39 
9828	208 
9829	159 
9830	307 
9831	193 
9832	102 
9833	230 
9834	7 
9835	219 
9836	84 
9837	22 
9838	100 
9839	163 
9840	101 
9841	103 
9842	58 
9843	105 
9844	157 
9845	40 
9846	40 
9847	262 
9848	88 
9849	227 
9850	124 
9851	75 
9852	5 
9853	113 
9854	114 
9855	138 
9856	72 
9857	29 
9858	80 
9859	180 
9860	173 
9861	211 
9862	30 
9863	39 
9864	4 
9865	71 
9866	173 
9867	283 
9868	250 
9869	248 
9870	236 
9871	96 
9872	233 
9873	271 
9874	231 
9875	91 
9876	141 
9877	222 
9878	140 
9879	3 
9880	209 
9881	103 
9882	134 
9883	125 
9884	285 
9885	268 
9886	294 
9887	65 
9888	271 
9889	302 
9890	104 
9891	64 
9892	84 
9893	112 
9894	187 
9895	237 
9896	152 
9897	110 
9898	160 
9899	14 
9900	119 
9901	10 
9902	230 
9903	50 
9904	271 
9905	277 
9906	289 
9907	102 
9908	82 
9909	253 
9910	181 
9911	189 
9912	26 
9913	115 
9914	229 
9915	29 
9916	50 
9917	296 
9918	200 
9919	306 
9920	132 
9921	179 
9922	128 
9923	125 
9924	229 
9925	276 
9926	45 
9927	125 
9928	159 
9929	142 
9930	223 
9931	287 
9932	266 
9933	136 
9934	27 
9935	81 
9936	102 
9937	214 
9938	21 
9939	157 
9940	112 
9941	284 
9942	180 
9943	89 
9944	93 
9945	159 
9946	115 
9947	55 
9948	88 
9949	29 
9950	125 
9951	114 
9952	113 
9953	24 
9954	216 
9955	2 
9956	265 
9957	48 
9958	231 
9959	63 
9960	21 
9961	305 
9962	44 
9963	252 
9964	44 
9965	143 
9966	239 
9967	121 
9968	279 
9969	195 
9970	226 
9971	183 
9972	139 
9973	287 
9974	177 
9975	205 
9976	219 
9977	241 
9978	143 
9979	21 
9980	106 
9981	186 
9982	80 
9983	243 
9984	34 
9985	36 
9986	29 
9987	93 
9988	162 
9989	134 
9990	66 
9991	155 
9992	142 
9993	50 
9994	214 
9995	34 
9996	38 
9997	61 
9998	9 
9999	282 
10000	8 
