786	792
953	969
128	563
121	789
811	970
47	345
468	604
368	666
266	389
412	443
475	499
210	982
894	897
144	399
883	967
594	864
65	749
27	228
459	676
758	972
515	985
628	862
347	620
228	928
429	918
869	961
60	526
239	757
87	925
524	926
16	456
587	982
301	625
526	972
774	808
168	998
443	974
83	402
262	633
924	981
159	397
546	806
71	284
458	693
596	923
692	860
293	885
604	747
15	123
713	919
561	821
910	975
951	976
970	989
266	873
299	821
285	886
183	875
324	585
683	932
153	703
526	985
567	757
966	991
308	991
470	824
671	814
473	829
789	806
291	300
958	992
259	991
713	932
51	961
734	991
154	416
486	889
852	983
414	986
884	935
199	832
245	948
312	709
553	835
476	817
762	945
440	894
627	986
805	992
617	712
856	994
653	894
614	643
798	989
289	617
237	427
13	948
729	889
935	994
566	602
409	884
906	936
409	655
524	605
465	964
930	1000
173	792
453	846
304	723
478	610
736	905
721	782
430	835
366	554
526	543
913	952
916	957
828	844
907	908
422	836
804	901
293	685
807	906
380	610
297	841
27	980
416	792
765	909
145	972
471	849
438	672
376	962
44	223
73	924
642	852
619	868
705	908
420	924
82	865
464	967
519	637
496	919
494	809
399	986
199	632
779	978
4	164
938	971
482	876
664	853
843	855
89	881
512	984
873	963
97	476
658	809
487	927
660	855
32	532
486	702
780	920
725	984
348	997
466	989
424	992
83	470
289	538
151	833
32	653
178	707
544	764
315	941
67	876
356	484
378	997
815	998
130	932
204	881
284	581
308	938
160	774
665	946
34	820
801	992
405	992
391	828
606	753
877	987
407	543
835	990
921	993
442	995
604	828
731	869
650	944
180	766
529	654
37	717
708	885
430	877
449	890
872	993
490	662
421	828
187	661
209	420
305	882
659	885
636	901
702	703
518	882
14	854
523	960
481	734
816	953
694	963
760	765
154	726
949	960
681	886
645	963
890	996
922	948
153	208
399	678
619	910
751	837
200	963
816	966
673	917
800	958
934	958
593	665
937	963
353	912
790	913
834	956
332	974
313	732
318	847
626	963
25	36
697	843
20	335
894	899
672	786
364	404
640	982
338	617
362	974
651	848
515	987
311	928
283	866
706	905
150	687
257	584
637	805
544	577
117	281
606	674
66	989
718	915
303	636
778	929
542	918
896	921
357	643
783	980
801	805
873	910
551	859
570	872
46	872
220	759
836	991
910	977
168	303
863	865
319	472
810	975
361	883
576	808
507	937
488	695
54	174
842	927
947	980
308	993
528	996
662	996
822	985
426	985
519	947
734	872
604	991
810	867
193	373
129	883
872	927
657	773
132	888
935	983
613	932
360	486
667	939
578	830
844	986
385	960
508	771
286	429
291	773
458	950
502	956
273	904
147	499
215	670
335	964
462	776
190	317
830	943
420	779
632	958
497	999
282	845
318	539
826	945
289	969
504	894
927	997
490	730
531	768
319	848
860	943
192	255
476	953
429	841
897	946
828	846
635	717
307	851
697	777
642	841
587	905
532	969
950	957
628	677
994	1000
58	561
806	949
691	733
121	617
346	964
15	864
920	970
758	908
422	959
183	448
389	782
158	620
581	723
355	905
489	905
98	754
392	972
790	981
260	523
719	808
181	873
143	352
885	962
466	978
575	921
957	986
456	704
487	808
657	694
795	924
577	701
530	626
232	932
378	986
405	860
644	876
690	992
275	750
388	398
706	973
40	883
76	311
741	930
815	879
625	984
207	242
243	424
229	526
377	653
561	999
597	922
299	999
108	236
789	863
156	950
412	876
241	994
315	943
678	995
213	932
842	874
465	887
412	997
967	990
838	876
144	953
433	827
823	982
798	925
280	999
770	826
849	890
659	995
893	933
444	841
332	371
870	949
648	836
142	247
226	884
298	723
334	417
826	879
55	736
738	766
844	933
388	653
747	1000
648	957
474	841
138	892
620	895
680	946
941	950
443	710
696	890
85	736
374	610
668	828
709	829
714	944
566	780
515	734
427	850
413	952
260	444
633	726
608	898
695	786
640	850
496	613
721	960
433	493
517	901
131	865
547	780
277	919
478	909
538	960
499	968
265	801
825	909
167	680
43	873
220	506
533	737
472	727
799	856
347	732
163	911
414	493
397	849
778	918
179	626
146	449
500	681
978	979
394	928
199	689
759	797
616	748
799	869
439	563
482	933
609	974
204	925
73	176
773	853
924	985
602	971
506	997
509	514
533	871
574	872
56	882
61	997
289	366
108	291
371	930
238	815
54	994
632	705
673	706
217	463
296	756
67	933
664	923
483	582
562	875
796	813
801	928
364	890
405	928
474	533
215	767
382	944
762	936
756	862
173	541
720	939
439	926
21	938
783	995
342	993
375	941
404	410
791	819
722	985
933	939
130	292
481	549
539	756
766	947
351	705
10	375
172	962
175	708
213	1000
328	950
510	698
460	877
854	996
564	934
449	718
622	646
627	990
585	993
81	965
819	931
879	945
620	950
735	937
754	950
916	948
282	847
404	544
703	840
689	942
138	839
620	842
261	909
869	994
420	902
640	905
920	959
142	665
818	948
316	966
696	958
396	666
115	683
684	840
288	611
619	859
420	915
943	956
841	908
304	969
189	753
321	384
612	856
664	723
862	967
573	864
894	956
168	815
517	969
157	397
811	921
635	961
65	808
65	579
271	684
315	690
353	982
650	680
218	757
908	975
33	977
391	456
79	864
561	867
242	333
838	852
58	926
92	281
45	169
336	641
280	746
459	977
569	583
660	967
679	980
701	739
975	978
405	862
460	569
83	582
845	868
965	970
5	662
662	932
49	705
780	924
342	698
636	879
534	868
875	932
584	985
878	937
509	811
569	825
467	814
618	983
819	973
711	945
912	935
750	873
502	542
226	873
768	927
713	991
317	991
652	981
761	887
267	352
26	963
777	868
290	484
376	524
689	755
823	984
798	927
397	583
657	951
89	201
659	997
79	422
833	884
258	424
185	848
23	786
620	776
611	956
872	997
476	997
113	945
374	720
527	962
761	900
709	710
368	417
180	891
450	715
749	782
793	825
696	892
118	915
200	954
373	387
202	505
848	882
416	959
333	961
888	954
399	911
691	790
566	795
607	796
175	910
788	844
213	613
92	94
50	97
602	839
929	968
299	572
426	613
786	919
827	957
725	909
100	857
545	978
451	791
506	986
5	704
781	962
813	914
563	968
425	509
516	627
769	844
910	968
514	968
137	981
868	971
711	987
535	798
273	761
787	982
644	933
308	984
468	973
905	974
165	935
940	968
623	995
750	807
917	984
755	922
306	830
722	745
106	247
400	465
768	861
773	976
671	928
817	982
836	995
734	984
44	537
558	987
222	543
442	812
287	938
617	813
736	764
405	930
845	936
652	807
196	527
456	895
504	643
583	936
206	949
762	938
863	990
574	887
783	997
590	831
870	885
639	989
73	312
854	877
465	836
485	751
638	993
104	830
935	987
162	246
539	758
580	759
599	772
824	890
328	952
648	893
823	931
559	821
421	887
641	890
217	828
533	539
717	885
791	834
37	897
188	541
196	890
330	890
798	995
316	955
696	947
179	428
915	991
328	965
395	726
54	433
749	958
909	947
86	385
380	603
517	837
800	896
920	961
560	655
455	898
563	660
834	894
66	793
629	906
744	856
931	948
788	899
554	732
158	732
332	804
514	781
901	961
494	802
88	794
878	913
695	977
767	853
774	977
787	916
148	700
368	969
514	794
579	923
417	861
725	977
799	926
644	759
776	915
385	764
692	921
972	975
72	947
345	813
823	852
861	878
74	993
243	536
662	934
403	939
169	772
57	302
342	929
884	983
562	932
754	873
162	998
559	634
564	749
528	826
963	983
720	996
733	935
511	593
870	940
87	302
449	883
522	873
847	929
420	596
525	649
26	965
782	948
840	926
377	899
311	316
398	958
112	601
599	948
612	658
423	493
323	555
1	504
343	470
193	445
8	894
429	658
200	835
250	952
505	653
684	884
455	832
64	910
716	836
302	967
209	547
85	969
682	959
484	486
681	1000
423	964
18	915
394	677
788	833
53	384
311	908
867	897
237	730
223	795
589	889
162	327
612	792
887	960
4	909
677	894
66	969
286	972
709	846
506	746
277	923
119	980
86	803
246	792
769	833
594	980
795	970
929	970
321	562
753	973
519	806
389	733
783	852
227	634
158	800
567	739
820	919
565	629
621	975
459	913
252	583
7	752
783	973
595	922
58	983
829	860
719	988
512	924
377	699
588	919
693	972
753	986
384	860
16	464
305	338
604	634
609	978
669	992
727	970
947	973
102	881
699	871
284	400
96	578
275	809
578	581
924	989
799	994
475	870
939	974
942	979
135	950
50	583
325	522
454	932
440	997
522	807
558	989
787	997
193	258
449	938
863	992
314	484
351	817
722	989
161	427
469	543
620	941
854	879
432	661
622	758
135	374
176	183
107	312
310	900
420	543
544	838
833	941
717	995
249	661
529	944
548	957
436	487
518	822
409	1000
464	707
254	897
629	774
559	715
682	785
453	962
709	888
700	839
772	944
483	841
791	957
832	958
918	998
182	849
869	998
654	844
406	742
876	893
895	906
619	971
457	909
228	857
465	504
897	952
360	976
887	907
730	960
582	796
540	799
713	727
42	559
663	906
167	968
281	575
52	752
470	740
253	742
27	170
192	503
579	912
390	747
813	850
901	963
945	969
17	916
875	910
331	517
551	557
327	812
174	984
908	979
93	995
509	681
10	997
187	630
767	976
371	976
491	812
766	980
885	968
301	917
535	855
773	912
919	966
726	800
877	969
764	799
315	707
535	976
956	969
975	982
116	992
914	972
312	409
191	348
597	807
905	923
757	759
426	925
500	874
764	920
664	982
824	934
171	820
553	885
262	938
638	929
113	815
762	995
944	972
921	988
577	949
692	936
833	875
318	695
511	595
20	772
345	828
451	995
666	883
726	934
85	608
318	816
134	995
411	778
805	934
268	958
464	641
502	896
340	834
142	361
615	773
826	993
900	942
738	880
476	880
335	904
228	778
902	988
134	887
731	877
469	840
821	999
716	717
707	897
246	310
710	939
751	940
135	442
668	942
695	779
781	819
907	958
763	950
375	545
721	953
880	946
264	448
121	665
709	835
654	899
795	838
855	889
395	904
188	840
169	561
596	665
749	907
413	958
867	899
70	555
94	912
283	848
228	912
214	977
448	915
88	609
869	945
115	971
478	794
887	962
54	732
2	47
399	915
485	955
760	894
108	150
445	738
216	915
18	930
496	969
889	900
572	964
658	967
792	967
410	636
294	461
555	731
32	461
852	954
744	926
562	626
149	982
553	806
498	870
553	577
179	861
533	864
51	824
662	749
780	970
771	921
213	859
595	924
194	580
741	978
285	883
104	808
954	978
665	875
164	593
650	752
903	932
452	996
815	819
801	921
224	580
28	705
745	989
798	852
924	991
266	762
467	752
780	983
632	819
692	870
659	693
731	798
857	937
898	975
125	759
680	752
721	753
726	868
657	997
261	768
951	986
935	978
701	811
516	994
287	942
433	996
689	922
653	999
854	989
777	927
100	419
55	676
622	989
11	835
608	825
814	930
276	537
480	532
828	949
888	1000
400	953
964	995
23	966
196	894
457	669
916	954
294	382
533	664
4	845
210	913
911	997
542	605
695	847
920	965
684	954
106	977
496	903
441	967
2	102
521	667
655	667
894	949
792	901
809	841
57	977
98	978
392	967
145	272
35	400
380	849
512	968
267	908
560	901
679	852
348	981
563	906
711	804
521	909
3	983
359	618
474	568
820	976
534	619
80	937
732	863
322	965
258	980
693	908
813	973
706	847
174	986
208	341
650	686
933	974
831	963
905	912
924	925
220	580
68	940
329	981
477	879
507	987
89	999
534	861
960	969
690	879
407	527
67	873
370	645
972	979
461	763
810	917
796	982
851	918
713	984
826	861
284	578
745	936
251	401
253	999
831	976
729	928
756	802
747	982
866	933
766	995
714	805
351	753
819	858
623	946
180	871
606	750
298	597
699	941
55	839
793	805
798	920
803	998
541	998
458	1000
626	813
101	433
37	943
114	372
231	957
537	1000
418	820
738	990
872	990
127	836
471	646
569	952
677	751
168	379
88	356
566	654
48	728
865	987
226	1000
606	992
298	610
867	996
941	945
638	944
944	987
603	657
16	897
439	1000
401	479
115	839
997	998
413	947
895	950
53	375
215	962
559	772
707	899
550	952
492	718
860	885
538	834
610	939
436	786
45	901
334	775
848	996
941	958
218	334
25	959
682	963
286	963
401	950
663	721
206	216
785	832
100	729
274	616
389	603
513	898
490	914
811	969
663	842
445	619
64	927
494	740
17	852
366	969
399	917
326	375
765	974
704	964
602	953
235	930
436	920
67	794
857	913
917	964
686	802
672	904
792	969
570	856
465	574
651	966
558	738
324	571
766	916
885	904
664	905
686	923
652	787
248	697
437	633
60	646
762	918
734	856
835	908
752	910
623	759
356	415
617	685
653	867
850	923
574	988
500	810
711	993
912	983
764	856
623	880
768	975
264	947
861	937
754	811
666	698
757	816
321	929
104	931
882	996
646	985
577	885
538	634
548	827
634	867
699	996
914	921
418	983
233	708
747	929
833	932
953	997
460	872
9	936
710	983
839	868
797	871
654	822
717	878
791	827
240	953
548	840
942	996
255	295
854	883
578	948
798	988
443	760
300	711
305	826
351	942
29	891
934	997
631	996
648	899
568	647
339	787
344	902
886	956
911	986
9	131
902	937
506	671
103	961
860	940
557	902
161	902
362	663
837	956
601	945
416	899
746	774
484	774
503	787
314	622
272	891
828	843
593	946
338	427
18	974
749	964
155	491
702	889
251	953
526	663
52	972
387	962
582	908
466	733
182	974
438	900
512	849
603	967
514	895
459	959
753	911
670	913
394	978
788	905
512	970
226	384
498	806
336	515
93	757
616	798
662	914
192	507
679	854
706	957
21	625
103	398
466	975
861	979
732	865
181	991
570	803
415	929
878	919
165	983
192	857
495	629
271	921
233	400
33	985
831	965
234	746
616	811
924	927
242	341
66	344
665	932
90	701
766	984
81	881
296	806
824	925
227	706
466	988
722	914
565	930
322	980
490	527
299	996
674	873
448	530
921	979
576	981
777	971
823	858
363	873
41	822
589	627
548	774
900	933
499	589
397	578
383	414
305	989
103	774
590	892
428	830
340	946
400	997
381	718
534	997
675	936
804	821
532	658
265	543
215	951
449	889
784	879
393	994
508	944
219	841
967	1000
648	954
422	648
620	892
75	540
154	833
135	554
641	951
811	837
816	952
640	955
492	828
800	944
225	484
700	777
137	371
832	896
918	936
876	939
136	146
485	825
215	964
256	965
471	890
140	790
888	949
492	949
781	823
409	951
6	975
221	900
307	903
91	790
36	854
297	895
129	264
413	962
122	224
848	890
889	891
306	570
125	495
94	916
218	457
419	447
374	970
811	971
607	912
660	775
769	947
903	910
53	511
774	796
719	860
727	950
512	796
586	745
336	570
924	969
542	675
184	967
651	847
959	963
480	965
158	914
810	840
722	727
190	637
195	981
570	858
451	678
630	909
778	807
850	912
387	922
951	964
970	977
407	571
305	560
764	845
204	922
278	871
507	694
50	455
845	918
863	972
674	807
141	987
301	976
23	702
363	807
437	756
211	938
285	887
775	980
935	969
35	941
687	867
577	995
203	525
590	705
190	1000
905	982
132	995
217	810
244	418
259	992
367	754
97	664
446	818
289	834
798	977
206	836
555	990
844	864
392	703
516	998
750	936
226	936
212	772
826	931
36	775
330	993
523	893
30	960
30	731
340	893
763	996
59	880
152	842
389	526
265	719
432	896
270	834
22	732
605	824
696	942
770	891
536	724
319	955
107	547
809	819
869	870
626	883
645	896
268	909
629	888
81	265
517	832
677	821
228	729
594	786
525	952
572	660
811	905
931	943
568	891
62	265
554	956
584	835
322	835
484	668
284	314
828	966
676	838
423	917
552	802
87	968
546	728
752	833
628	797
347	784
278	913
359	609
834	902
875	903
649	856
745	793
79	740
478	974
290	923
376	963
257	746
766	852
889	959
908	972
42	794
73	107
28	630
864	902
748	956
665	921
250	679
582	923
246	974
204	977
584	969
679	977
835	965
472	913
613	623
255	915
838	970
494	931
203	230
72	942
235	411
56	934
727	910
553	986
671	978
745	927
523	814
473	993
808	983
195	231
576	862
70	990
418	919
666	755
900	922
41	703
197	950
849	876
341	406
544	994
461	996
309	639
326	808
656	683
441	529
532	647
127	827
742	871
766	999
948	976
78	827
501	930
601	868
928	997
102	955
625	996
886	1000
798	924
657	948
25	937
874	882
208	829
464	755
194	894
937	938
730	874
749	887
592	940
325	596
333	945
38	768
520	771
610	930
890	984
413	830
559	884
793	822
779	887
672	761
503	723
556	586
728	841
368	535
814	881
238	425
466	548
705	830
584	769
811	960
38	781
290	965
887	955
367	956
77	857
273	503
705	951
404	959
142	959
381	975
769	828
89	574
383	792
776	952
674	675
827	954
357	739
491	968
288	905
77	870
292	795
746	965
512	798
565	624
644	917
773	839
704	968
124	393
542	906
621	970
473	806
643	729
101	934
739	962
491	860
100	975
274	862
31	875
339	991
342	737
366	865
686	806
451	909
792	973
363	796
12	983
461	809
366	986
410	992
391	750
966	981
107	991
877	909
202	999
57	581
747	799
939	969
736	869
810	855
451	922
592	861
878	989
891	928
476	686
641	753
893	974
475	986
208	871
557	759
736	990
128	353
840	855
578	818
886	934
710	974
646	989
847	979
286	417
175	586
749	821
212	882
446	820
476	699
333	879
830	931
775	995
11	599
976	985
631	987
326	876
191	651
330	995
449	946
927	985
27	957
624	947
691	708
522	936
737	824
846	996
417	590
964	988
312	833
677	931
209	597
462	777
916	947
220	426
915	988
406	616
827	875
846	888
785	878
624	960
443	885
589	939
115	790
244	675
698	882
901	945
785	999
218	622
517	955
806	829
314	855
589	831
938	948
98	971
887	902
18	978
274	904
461	501
586	910
369	912
649	966
377	507
373	802
706	719
482	974
843	953
554	850
903	967
540	915
438	904
350	791
831	835
335	402
794	953
398	687
263	499
461	743
507	859
722	784
592	674
234	737
440	576
357	807
780	910
945	977
903	980
775	916
912	921
72	944
158	984
359	974
595	985
116	987
768	913
680	800
246	279
294	993
426	920
467	921
731	738
562	929
364	944
97	829
479	931
735	857
759	985
666	757
201	923
165	1000
509	810
490	531
714	919
838	985
15	652
562	821
37	936
14	952
325	585
330	929
13	993
687	937
673	773
249	711
689	983
54	472
96	883
738	875
259	352
297	644
677	865
691	763
663	701
608	765
398	955
184	703
65	257
271	591
21	187
518	993
251	878
848	868
624	894
503	833
300	770
608	886
888	940
781	814
739	817
510	994
243	909
34	247
489	827
43	969
332	843
1	972
206	209
598	962
436	900
785	825
31	851
91	902
168	856
591	959
677	999
126	859
616	723
332	964
676	774
271	725
739	830
598	854
725	895
752	769
64	920
778	906
43	982
373	857
390	797
664	777
135	921
463	908
549	682
20	567
306	695
655	849
947	957
369	980
341	918
435	516
660	900
753	862
114	875
141	978
898	957
116	921
419	693
350	859
565	747
50	338
831	903
311	342
266	865
63	802
692	973
870	979
567	978
350	980
606	906
592	742
564	680
624	694
819	906
227	994
342	752
782	987
362	401
42	985
817	981
891	930
951	981
206	827
849	933
95	996
351	922
425	871
444	884
372	981
91	473
757	822
710	976
930	979
696	812
401	406
511	766
134	816
113	878
641	997
916	936
102	194
580	758
772	928
175	709
548	954
708	943
909	933
124	892
540	541
751	990
295	481
434	825
649	713
902	930
93	495
420	661
19	317
376	820
221	946
656	874
232	546
793	879
493	587
531	879
335	967
825	831
411	962
216	723
491	662
876	998
513	946
688	947
108	897
825	952
952	993
4	22
267	661
244	906
247	423
109	489
482	963
236	264
716	901
141	441
575	898
167	844
520	962
198	911
170	849
607	850
771	958
790	971
48	334
3	857
741	786
479	557
762	845
665	683
480	903
493	842
468	785
155	968
609	909
631	668
586	925
713	966
498	812
551	904
248	866
449	627
426	909
660	847
30	414
926	966
477	874
155	860
604	915
865	956
815	869
28	755
40	994
912	923
67	868
153	871
337	463
736	926
328	872
975	979
229	866
113	691
440	820
52	415
370	990
208	928
46	112
478	523
516	815
865	969
861	998
537	874
793	800
657	939
261	939
495	877
544	998
659	985
640	706
879	988
120	936
689	864
288	520
548	888
782	826
793	921
435	947
56	133
833	993
263	877
259	354
698	926
524	544
293	611
136	139
320	714
559	996
55	968
707	894
330	944
311	665
913	999
624	896
897	991
709	940
689	998
744	897
389	477
941	953
345	370
594	845
294	553
767	773
739	940
832	902
651	827
177	907
807	845
39	448
894	999
457	961
259	488
553	669
295	670
451	658
308	609
43	863
607	905
398	502
804	961
771	784
843	889
326	370
713	779
286	971
883	961
13	324
604	728
375	676
17	968
158	907
649	915
850	905
748	894
151	638
68	869
269	630
310	631
871	964
53	746
548	688
787	970
966	972
905	962
437	628
79	920
220	859
385	926
285	988
896	913
775	852
68	990
799	980
219	405
117	623
582	982
678	690
170	220
741	975
42	974
481	755
954	975
71	628
623	875
664	913
139	762
777	790
235	470
9	918
312	690
201	859
743	913
509	746
154	518
238	926
183	990
374	521
250	751
731	795
532	814
13	929
641	986
407	819
715	935
453	935
865	916
249	647
736	994
648	881
240	827
212	994
215	999
583	937
25	875
522	927
379	878
635	804
76	840
805	986
645	768
920	936
139	896
340	886
240	948
469	771
460	988
418	991
592	878
462	768
503	769
756	986
57	948
175	940
552	661
189	609
593	699
772	930
909	935
463	589
927	989
84	714
693	758
700	946
505	707
307	951
730	825
790	839
105	773
316	956
913	946
737	949
401	1000
167	833
487	774
511	902
230	889
376	943
475	656
479	546
429	954
883	895
470	497
128	733
697	890
790	852
232	790
655	893
56	564
300	961
38	961
129	554
382	734
957	965
514	890
940	998
771	960
67	844
590	619
311	975
567	672
369	916
121	851
671	729
246	967
801	960
625	734
262	682
162	744
518	608
662	801
104	739
431	868
218	989
586	927
914	958
454	744
844	899
211	986
574	809
486	696
747	966
329	978
631	791
650	804
507	984
667	973
400	858
689	732
419	871
385	994
296	922
733	923
595	989
652	971
624	643
228	643
863	925
412	989
486	938
742	864
925	985
548	998
510	514
207	705
446	987
840	914
146	991
724	931
858	931
333	817
263	987
689	866
240	774
895	934
955	985
721	818
537	997
710	925
508	939
654	993
869	918
772	985
161	831
133	769
243	900
413	823
826	992
922	929
490	777
402	893
355	818
816	947
814	874
79	425
874	888
423	952
459	646
593	875
464	761
161	952
698	928
758	942
675	944
628	832
320	487
270	895
691	888
24	839
621	829
629	949
431	439
922	942
792	832
391	488
561	899
776	824
161	965
436	904
133	903
917	948
354	727
385	794
421	488
271	958
827	947
491	961
477	797
408	963
829	956
862	904
727	945
303	617
685	719
643	722
225	734
255	842
637	907
389	842
361	743
891	908
970	972
137	971
627	835
159	501
618	786
31	989
801	907
924	977
5	936
521	974
70	809
455	620
815	926
942	967
176	976
391	864
750	918
361	877
502	816
669	993
787	985
465	934
432	757
377	821
132	990
99	813
522	916
324	931
860	911
411	819
958	988
125	987
557	644
684	685
722	977
870	875
694	878
812	870
294	944
332	418
194	942
629	870
726	988
374	765
503	650
520	819
902	921
291	767
561	591
98	601
192	236
818	927
4	939
202	429
983	994
642	701
702	752
853	884
839	986
173	896
556	634
184	762
65	545
670	884
463	591
480	531
531	991
20	21
724	891
295	714
186	956
360	843
742	945
74	257
681	935
404	886
818	940
568	994
298	904
475	537
688	830
853	897
140	961
272	888
492	891
225	776
189	853
533	663
679	717
618	707
408	897
353	961
482	846
287	378
471	953
908	954
567	661
424	841
157	497
262	550
313	781
46	666
5	399
563	663
26	687
241	612
251	253
407	500
871	900
394	975
653	677
732	970
743	836
555	785
169	749
348	980
838	844
623	690
180	615
309	500
456	927
564	726
743	957
237	331
836	919
352	806
99	397
150	857
269	808
535	964
755	967
254	685
452	929
634	677
914	960
382	870
588	975
674	978
838	857
92	744
474	809
823	963
78	580
231	822
754	863
3	177
32	878
701	973
830	858
197	945
921	976
164	768
442	978
244	468
323	532
636	992
815	994
534	981
212	930
336	996
60	832
797	802
47	75
93	191
122	892
805	922
562	935
858	933
944	973
696	871
715	884
756	922
723	745
453	884
217	873
714	925
511	825
411	887
879	992
524	764
777	981
455	930
647	871
292	414
911	917
830	992
916	995
888	933
98	777
874	998
511	946
948	984
423	833
730	990
205	876
293	723
587	941
672	756
443	933
825	998
904	998
642	998
895	949
499	949
559	1000
811	955
355	712
663	828
286	841
635	995
323	908
846	949
560	592
799	837
307	900
788	944
841	955
156	852
101	916
799	958
785	831
296	603
67	551
375	667
242	259
233	439
169	683
236	444
769	944
213	726
130	957
686	909
116	793
419	565
176	844
570	963
616	850
794	893
21	677
477	691
320	973
535	898
273	632
493	901
553	686
606	778
262	739
445	860
753	976
491	976
291	393
232	981
199	804
479	858
565	861
745	977
421	624
863	969
266	750
219	638
35	817
687	743
475	860
898	963
650	861
218	938
741	979
532	576
210	525
747	915
425	864
544	815
93	125
912	982
763	859
303	874
437	874
536	816
522	918
178	879
379	869
907	988
714	859
851	864
501	980
501	751
72	308
270	589
932	937
622	977
641	990
849	939
489	633
167	582
814	918
733	993
846	870
736	998
928	939
113	992
545	649
729	995
300	818
355	525
923	982
441	942
130	528
186	837
635	700
318	993
593	932
786	832
49	310
670	886
596	708
603	832
971	999
682	896
216	837
758	891
422	942
169	496
482	956
862	948
820	951
718	940
354	663
588	601
395	960
348	619
260	735
383	842
765	907
685	884
299	848
393	483
986	997
820	964
281	915
368	840
896	959
982	999
637	964
678	736
230	317
70	853
892	961
699	795
644	859
243	286
327	923
863	903
44	571
539	779
241	856
549	743
447	961
191	217
36	343
5	993
220	918
430	499
151	818
574	921
849	860
486	808
81	759
263	736
153	864
199	980
872	965
17	222
27	644
187	633
164	878
2	816
967	973
241	869
337	806
617	860
837	863
928	981
229	980
279	343
437	929
201	918
605	742
385	998
338	923
291	582
142	459
358	986
377	999
229	872
726	924
388	865
729	929
770	930
682	817
687	932
428	937
821	868
449	996
41	942
526	691
608	760
453	886
186	771
921	991
714	927
855	866
222	953
920	995
59	932
670	820
568	809
821	989
358	999
707	887
177	658
407	891
112	943
27	81
598	836
629	940
703	889
730	992
193	787
688	995
848	984
430	996
600	882
688	766
292	537
547	763
392	889
469	843
818	997
496	946
348	782
174	666
353	897
704	831
681	884
786	900
684	889
477	788
29	140
595	780
600	895
278	844
639	823
737	900
234	774
616	839
781	943
390	792
320	962
572	954
892	895
264	572
281	970
658	728
415	970
451	664
229	322
528	847
431	685
650	729
466	908
405	898
264	693
46	965
253	800
762	906
206	688
720	909
343	959
940	949
403	973
126	170
507	801
856	955
438	967
479	739
690	922
583	796
509	618
729	850
784	786
541	799
935	955
761	802
692	968
852	957
714	727
530	906
43	293
617	794
56	757
426	970
407	691
49	983
57	578
626	735
39	938
125	978
362	396
639	970
59	395
372	855
647	794
518	680
740	756
657	987
159	976
723	789
167	342
337	753
516	984
53	994
571	691
824	871
703	810
171	986
826	917
745	992
946	982
624	702
816	872
281	299
341	350
860	915
20	938
648	995
837	931
648	766
757	938
495	938
932	939
682	764
631	984
161	769
684	810
312	938
614	751
867	931
724	882
784	933
481	895
186	718
24	656
786	942
684	702
496	651
251	820
58	654
707	834
369	775
503	775
434	941
415	662
654	944
332	893
79	484
698	987
716	775
573	955
223	842
572	996
672	705
314	960
778	835
47	387
118	267
477	614
664	706
755	824
600	950
820	953
457	901
776	883
280	716
417	950
431	619
752	940
554	955
829	894
595	727
774	958
89	855
414	423
908	958
994	998
892	950
317	719
88	896
396	783
780	894
348	971
945	961
820	966
658	904
878	907
456	918
98	981
159	439
394	979
521	791
722	781
235	397
253	976
588	966
321	851
662	915
748	955
789	956
329	971
838	848
571	733
92	735
405	966
647	728
61	109
678	980
530	853
293	351
592	913
933	977
812	916
77	238
715	983
789	969
525	630
717	800
216	289
257	290
708	980
837	865
105	458
845	985
798	910
803	988
140	644
467	810
544	993
659	980
249	816
455	921
334	402
31	593
740	824
8	875
397	687
278	470
476	751
624	878
200	816
814	975
645	937
772	978
906	978
371	405
505	634
837	878
397	579
481	950
115	600
381	719
955	991
770	945
200	829
626	937
87	888
390	660
906	991
804	943
380	881
867	999
438	822
424	658
883	943
248	432
415	609
767	997
211	550
119	961
771	887
488	535
163	775
765	843
897	999
50	309
112	958
327	846
506	848
519	787
293	969
494	959
24	966
877	882
783	954
359	663
625	782
465	564
748	889
954	957
340	505
639	838
947	954
966	967
845	906
652	777
924	970
877	895
256	282
412	795
95	859
301	964
103	454
958	968
166	739
419	919
210	516
239	988
784	788
951	965
187	569
192	913
558	970
167	331
694	750
680	852
248	929
652	790
905	970
160	816
729	973
434	796
508	745
384	975
328	814
722	970
6	763
532	809
699	986
456	999
421	978
747	919
953	987
497	744
906	912
543	860
867	920
96	814
127	881
435	997
321	932
902	914
580	863
557	879
763	984
923	973
78	881
515	882
154	876
770	879
117	994
198	653
277	717
147	836
353	941
642	815
702	866
765	885
663	874
9	121
365	951
929	993
327	430
101	841
920	944
758	882
45	946
983	1000
721	1000
614	874
922	990
214	903
28	484
272	881
506	782
404	1000
301	535
210	905
614	995
581	818
908	947
108	894
801	821
355	1000
952	990
181	847
883	890
827	995
843	939
760	941
402	967
572	890
267	779
146	718
602	769
478	962
607	847
660	939
794	939
808	837
329	839
637	726
356	447
704	901
850	955
473	968
239	801
426	893
431	971
197	804
885	949
549	963
29	439
686	968
768	778
281	919
778	971
69	511
19	919
473	860
588	847
896	963
660	952
789	837
285	809
711	917
444	573
134	613
571	614
72	930
180	729
452	922
620	735
336	976
850	968
473	981
500	855
541	856
808	971
403	922
370	745
549	976
826	961
652	845
743	963
817	912
877	963
333	799
407	748
121	391
241	981
893	907
631	907
576	971
768	912
501	797
671	979
182	522
247	917
541	869
701	858
613	974
28	55
948	964
530	976
230	684
268	939
791	980
371	394
944	966
159	925
797	916
415	585
668	802
525	982
673	880
731	858
323	767
684	746
104	171
334	633
320	469
707	878
848	854
566	646
230	697
846	929
925	993
529	993
307	880
207	942
837	880
909	985
707	999
922	924
187	1000
443	926
305	992
681	983
294	308
161	718
515	950
416	944
517	767
869	926
910	927
514	698
505	649
744	894
329	652
804	945
950	999
499	834
20	82
70	428
240	314
88	482
561	894
984	997
285	730
505	999
211	552
276	947
362	950
16	313
141	493
875	946
894	996
391	604
112	960
387	899
822	827
371	891
390	904
361	846
521	606
801	889
732	789
924	959
561	907
459	896
324	442
637	902
711	851
771	902
29	265
516	612
773	948
195	971
179	963
951	954
206	800
935	946
472	956
136	741
309	669
562	849
171	964
586	977
190	977
801	902
606	892
317	789
468	958
924	972
560	961
40	925
136	633
576	905
958	970
810	843
636	919
741	972
364	985
812	852
564	787
177	341
836	980
383	446
674	918
352	867
687	857
131	639
953	976
356	757
213	974
810	964
502	811
245	926
601	790
840	843
740	868
363	918
437	867
46	982
99	579
646	977
907	981
557	868
334	567
622	970
106	824
455	978
925	927
367	865
886	935
58	295
605	693
297	577
333	988
930	978
467	988
742	927
250	990
761	940
365	940
497	867
409	983
557	881
221	932
648	999
238	347
964	976
661	938
881	978
242	991
839	981
858	994
622	983
916	935
126	779
181	486
575	642
621	758
469	889
804	879
568	868
94	948
591	771
640	892
118	258
758	884
670	1000
381	897
697	874
554	825
163	940
595	597
350	766
80	676
897	935
318	999
813	941
197	672
871	882
114	674
174	725
876	997
650	654
829	885
149	897
383	835
314	964
589	940
165	841
159	309
436	846
716	900
719	905
572	892
424	728
377	387
363	489
239	911
280	949
160	389
643	772
982	992
734	890
899	957
618	715
193	980
103	269
89	859
364	798
892	954
239	803
266	906
150	731
576	839
254	559
152	282
551	782
344	452
239	924
657	683
574	914
558	906
273	922
488	847
460	785
713	965
133	390
331	634
891	971
528	919
294	752
252	984
849	974
35	986
329	975
766	976
865	955
717	791
641	917
770	802
902	958
613	855
747	855
34	919
139	935
400	976
59	683
955	969
740	815
99	755
236	760
337	812
529	982
909	974
675	807
243	884
666	987
900	925
127	709
723	969
539	919
714	920
263	984
579	695
656	915
601	979
804	813
163	753
853	934
144	245
591	934
696	987
825	872
715	1000
319	1000
453	1000
814	979
406	659
698	804
791	995
166	943
804	934
40	538
666	1000
573	772
807	939
504	938
457	826
300	879
621	934
681	985
804	826
325	828
774	883
471	882
672	872
809	877
795	942
602	813
607	891
445	829
725	883
890	987
168	965
892	996
704	945
41	372
244	960
408	839
576	652
77	968
919	991
630	888
745	838
632	668
711	961
425	604
530	657
227	619
273	735
414	482
225	960
896	899
472	837
62	673
217	318
359	667
364	745
699	964
509	840
701	781
720	794
269	858
447	901
562	851
20	568
288	319
330	730
30	697
444	980
359	909
37	858
501	733
298	633
900	967
611	864
344	749
817	969
836	982
803	805
338	971
558	974
590	926
865	902
763	854
166	635
842	918
410	995
745	985
416	746
583	923
710	964
824	985
189	474
818	911
441	695
738	918
508	870
448	590
580	746
337	988
598	763
216	469
624	937
517	811
622	864
481	888
971	981
682	878
434	813
566	703
165	359
805	985
87	934
381	886
615	824
87	826
307	829
702	870
628	655
793	988
531	988
314	953
718	814
157	252
360	840
602	868
929	997
552	781
362	886
324	365
119	899
556	644
36	83
408	894
94	963
806	940
993	995
165	843
406	969
767	948
63	832
945	954
174	848
623	903
697	889
664	712
339	915
856	882
438	894
534	602
685	1000
470	846
674	841
734	892
285	800
158	961
147	277
713	954
143	572
201	779
789	949
109	961
683	967
741	908
56	805
842	960
699	911
298	567
182	392
836	916
720	970
357	918
921	960
39	757
419	978
116	977
933	970
36	459
146	856
416	680
724	796
458	862
544	865
583	978
297	621
149	457
467	803
902	960
819	962
249	809
180	975
629	801
675	688
754	981
378	401
176	452
346	863
134	980
309	981
111	996
226	983
823	973
331	999
928	989
661	874
485	914
541	994
267	462
450	812
376	634
601	981
518	983
614	691
605	871
911	914
916	992
217	991
818	871
697	810
513	989
408	707
315	479
721	938
471	992
600	877
111	191
355	817
506	949
640	949
299	656
423	951
698	927
348	777
697	702
876	933
347	818
232	602
488	528
355	938
704	826
368	877
459	995
929	944
445	831
660	756
510	997
670	949
207	959
463	885
609	939
609	710
268	380
579	952
329	777
716	957
410	850
878	955
616	955
850	893
5	801
743	767
877	996
590	673
304	316
181	919
611	732
652	770
445	965
34	842
45	213
229	788
19	978
46	852
354	968
569	627
852	952
43	517
141	860
650	966
488	904
829	968
9	906
391	971
694	743
570	973
592	732
430	670
289	694
583	912
657	861
784	902
817	850
352	979
384	968
764	960
626	730
958	974
557	630
796	912
515	633
565	979
418	966
509	855
118	933
44	755
687	861
893	966
411	926
129	984
614	733
886	926
927	964
729	979
803	928
858	864
71	979
145	928
589	676
200	635
709	741
38	573
122	944
409	974
698	848
920	924
717	861
334	571
31	533
339	649
127	995
723	797
539	976
714	977
29	874
263	812
192	343
211	356
851	982
906	918
515	996
749	934
463	577
62	233
642	808
867	926
927	977
911	969
333	992
508	993
709	754
621	641
904	929
964	980
95	302
688	816
600	703
283	996
765	999
364	426
751	872
698	982
290	891
656	985
730	934
614	988
325	885
498	547
649	945
186	955
901	937
321	362
519	606
376	823
202	899
651	991
436	837
904	942
403	660
246	942
339	904
834	883
452	552
396	886
982	983
10	850
82	726
49	549
117	424
494	899
91	960
741	776
467	658
447	945
989	999
755	832
204	958
364	910
438	896
553	846
157	617
231	566
247	776
896	956
51	864
810	889
732	969
41	792
844	887
159	784
720	851
632	967
665	915
664	956
782	911
501	669
826	954
817	905
51	877
558	910
585	784
838	964
791	852
851	903
83	802
339	462
671	972
891	975
407	862
156	233
818	847
474	808
460	910
823	962
928	978
471	510
282	988
404	685
516	926
37	928
620	983
578	986
346	865
365	878
511	932
640	817
700	868
63	513
340	821
513	978
124	937
284	926
229	990
587	698
688	750
784	983
498	589
737	871
797	922
566	989
860	978
593	863
519	648
703	994
109	521
260	424
177	655
429	647
916	994
957	995
621	817
392	994
211	424
11	70
744	887
279	824
843	866
325	940
567	702
223	663
302	956
401	935
556	580
506	951
901	992
505	992
579	941
233	304
637	653
120	363
471	886
853	951
350	596
80	735
262	712
71	134
12	951
315	494
862	892
171	715
965	990
506	964
720	893
739	943
431	790
885	997
926	998
604	718
339	972
961	992
773	941
574	960
219	274
683	903
669	968
166	613
570	962
836	852
863	955
316	328
519	916
35	803
458	906
398	626
241	908
475	846
227	744
460	952
653	852
553	914
262	967
743	782
536	681
338	962
935	952
750	906
428	626
636	804
1	293
782	858
243	809
643	965
8	454
393	790
646	970
585	960
310	755
425	742
132	870
641	976
379	747
886	928
352	994
61	293
487	630
227	999
120	873
818	915
205	688
12	522
480	627
756	976
520	928
599	992
800	982
772	920
694	1000
119	769
224	822
265	594
311	710
531	979
672	689
709	985
869	974
291	997
547	694
276	874
383	707
295	594
162	708
198	890
695	713
612	944
445	538
274	885
744	834
785	872
279	1000
480	990
686	829
283	890
575	998
468	872
74	487
382	603
104	366
288	941
375	829
623	665
394	842
788	998
540	896
254	310
672	823
556	877
630	826
258	954
242	421
896	945
593	944
679	947
169	845
596	949
120	431
350	893
88	893
322	831
129	665
690	961
148	678
233	493
7	675
282	614
6	450
171	783
768	773
759	953
611	789
31	214
179	903
308	788
354	904
388	488
250	783
530	837
590	851
378	968
823	830
363	845
349	910
132	912
186	394
824	910
309	501
861	977
23	632
248	979
523	689
280	968
44	691
720	974
346	504
735	959
157	982
606	845
69	869
537	974
435	926
803	864
126	585
673	754
271	451
565	928
124	926
886	983
297	625
206	995
622	910
668	797
505	510
510	625
793	913
757	990
259	454
462	813
508	929
814	972
673	996
907	934
566	641
772	975
207	937
496	811
821	867
292	752
828	991
327	709
962	991
695	876
524	994
598	943
496	932
133	880
119	945
205	985
582	706
117	118
358	998
600	760
369	827
314	891
795	935
320	598
149	945
182	893
240	309
146	647
459	878
338	588
725	997
114	843
480	937
917	938
977	989
586	838
792	943
556	932
373	959
244	845
445	835
683	892
843	881
526	945
975	1000
345	604
111	437
639	822
611	723
905	941
327	964
201	596
618	884
241	668
166	494
878	959
690	908
294	908
817	949
891	898
132	846
627	825
868	951
646	838
420	495
72	980
102	859
321	903
844	944
877	892
701	895
458	908
618	897
112	271
879	901
450	495
133	559
83	967
245	800
859	959
129	854
740	742
196	615
330	844
219	518
953	971
122	585
172	931
63	207
147	349
114	172
75	446
151	993
645	976
48	757
180	913
851	852
45	688
812	860
657	986
705	734
830	914
258	688
492	626
43	534
566	575
266	283
254	983
906	909
207	871
642	799
279	747
587	863
611	991
886	930
435	994
94	701
154	752
84	922
282	937
478	583
983	984
353	817
124	994
17	639
941	987
374	876
355	634
379	991
478	933
411	943
693	858
426	514
813	923
832	936
340	999
100	758
320	761
531	981
952	974
30	958
162	589
594	1000
869	976
594	771
640	887
189	951
846	992
82	596
524	941
128	712
155	586
380	933
559	935
108	999
540	656
360	954
520	943
649	828
198	892
60	433
767	820
450	884
362	1000
334	938
771	939
177	954
873	923
418	528
313	1000
547	938
170	951
780	880
799	893
477	842
871	998
447	936
989	990
755	823
163	948
667	710
433	543
245	721
80	913
83	659
33	838
341	954
864	995
795	895
285	793
794	936
145	490
554	954
53	672
815	958
889	944
586	906
713	947
873	936
431	968
164	624
585	654
172	973
884	950
306	973
741	901
537	842
74	852
550	552
154	323
543	778
870	907
815	971
381	450
465	858
845	850
831	952
789	955
252	979
99	508
431	981
439	842
10	399
409	670
736	799
245	976
372	788
699	917
592	791
96	853
564	958
104	973
123	986
902	953
668	786
90	809
585	788
529	856
529	627
138	971
534	971
735	961
793	902
349	925
531	902
872	966
847	909
948	961
203	807
590	987
323	643
925	977
152	761
344	931
449	984
886	985
839	910
261	933
605	743
682	697
346	748
599	928
617	982
529	869
642	746
573	875
380	746
705	802
605	864
932	993
751	918
508	931
33	409
712	926
175	987
582	587
430	984
89	654
66	936
943	980
547	980
700	993
753	819
472	577
744	999
256	952
143	257
148	601
910	924
354	477
950	996
39	550
278	603
625	647
704	711
781	931
748	754
987	999
885	988
596	885
595	889
980	996
190	840
938	999
32	668
753	953
720	776
558	714
26	624
115	144
822	945
863	946
522	653
560	945
357	845
618	886
530	773
917	953
479	956
9	778
787	843
954	956
687	841
272	370
805	833
29	383
232	971
359	783
861	913
680	838
224	558
905	956
657	854
440	856
273	864
326	956
166	738
942	959
565	972
900	962
14	869
215	859
858	965
256	402
756	954
208	856
645	857
763	849
729	972
949	975
30	934
80	297
544	926
712	739
923	959
821	911
756	967
178	990
953	986
846	860
455	975
730	914
927	970
149	639
930	975
481	883
272	975
365	937
681	685
596	806
904	922
325	986
394	591
485	975
130	518
781	973
767	809
582	763
117	175
12	647
260	483
793	983
853	997
929	992
137	534
389	755
205	934
153	478
526	989
194	250
364	432
575	881
74	599
597	640
538	999
123	720
450	886
295	948
584	822
396	1000
850	941
24	899
588	941
574	777
385	612
197	561
885	935
370	718
76	271
86	959
306	962
947	995
331	497
88	776
556	881
368	830
51	857
857	957
898	995
461	728
856	998
47	859
643	890
412	728
324	844
434	487
819	823
258	261
595	849
124	675
518	831
60	919
500	962
238	962
145	734
412	849
720	965
835	952
172	867
72	929
620	734
671	965
638	788
710	893
569	917
151	929
622	780
715	742
756	780
847	898
731	952
230	441
101	519
216	277
615	740
386	917
188	444
708	968
641	914
756	901
733	917
92	857
216	398
183	221
515	694
377	989
499	686
974	979
349	927
214	702
673	987
731	965
703	866
111	991
69	994
839	912
677	850
76	889
392	866
920	985
376	858
240	997
224	989
298	938
895	928
432	938
955	979
603	756
635	974
676	746
621	810
772	979
579	813
684	866
491	700
105	930
807	936
394	538
471	987
825	990
575	815
470	533
524	998
183	476
172	546
540	713
719	944
204	764
245	536
415	947
473	888
225	823
712	941
101	787
68	610
482	893
568	933
991	999
628	947
263	297
251	997
801	875
223	898
685	929
262	597
126	965
850	996
984	996
748	985
454	538
403	950
558	595
711	837
222	380
260	672
977	993
176	944
373	963
753	955
128	903
722	824
634	711
465	902
127	385
678	902
750	778
199	904
540	968
433	842
859	950
878	963
325	491
55	630
251	313
743	775
951	953
472	955
761	792
95	968
255	957
442	783
70	911
156	160
376	429
636	797
325	612
743	896
687	735
714	838
208	737
736	856
923	948
532	568
440	979
197	992
527	867
714	730
277	692
73	633
185	874
417	443
601	789
196	740
504	856
41	866
911	951
99	807
527	988
62	925
395	805
515	870
408	744
802	900
721	975
320	631
793	851
219	993
594	870
635	679
340	990
395	697
600	806
853	986
435	998
512	693
911	964
930	977
797	862
267	633
602	623
450	983
579	868
155	577
124	998
34	287
110	834
545	991
182	939
402	942
75	584
66	993
718	919
200	993
682	996
401	983
360	716
709	870
404	988
739	978
790	943
633	996
807	883
760	808
607	943
32	483
173	193
439	578
408	999
136	540
105	998
2	82
609	760
600	940
924	1000
643	758
822	989
748	811
257	951
646	763
959	994
752	930
255	649
664	817
834	999
892	940
253	953
148	671
387	953
275	483
607	956
767	945
882	895
109	945
683	951
595	838
18	268
625	946
248	730
676	948
169	851
637	956
857	959
53	676
815	962
421	779
935	1000
687	898
81	859
291	440
425	669
287	964
361	913
521	902
562	903
553	854
50	728
212	561
845	962
657	911
762	964
508	788
659	957
833	844
576	959
372	900
513	610
129	913
160	980
11	628
319	744
291	911
907	914
351	733
645	914
791	968
502	865
92	738
18	523
928	973
7	105
96	857
270	744
797	904
234	269
360	408
392	855
700	971
712	796
69	875
974	981
430	854
696	973
118	996
830	973
613	975
610	906
328	991
684	855
890	960
721	922
881	911
210	706
339	591
517	863
295	521
723	968
483	986
557	935
343	683
818	976
790	877
614	917
397	919
316	994
512	640
214	946
38	986
728	938
814	978
247	342
813	982
90	358
288	639
367	932
615	997
890	973
114	486
950	987
270	999
485	924
8	999
718	866
19	599
404	935
598	949
250	468
711	826
862	995
669	829
287	535
3	776
779	997
487	825
748	866
693	930
679	995
109	879
725	882
384	589
62	309
801	877
369	954
759	880
242	361
63	884
882	950
747	762
268	498
452	844
653	834
185	500
597	939
468	825
690	901
528	839
662	839
412	893
173	382
54	956
475	949
678	783
184	248
494	962
1	275
474	724
965	998
330	487
662	960
123	911
775	837
357	849
453	786
203	382
736	845
138	667
336	911
680	721
160	685
522	778
486	855
668	832
315	973
659	783
953	964
631	950
386	853
726	958
148	981
583	909
421	847
517	555
25	618
305	901
7	978
805	958
331	809
840	952
96	912
523	979
349	863
302	751
696	907
120	976
185	876
188	622
212	979
196	742
545	630
195	517
902	904
700	918
472	502
100	630
499	864
702	735
122	123
287	456
922	967
724	982
619	700
476	917
335	941
214	880
396	399
487	746
602	733
84	807
612	926
161	990
890	907
749	931
215	997
591	988
184	866
684	923
288	923
188	985
642	926
834	867
176	638
603	705
630	808
186	831
234	579
387	821
436	942
651	867
697	983
568	869
917	986
177	947
144	770
77	780
66	887
616	765
65	891
68	896
343	872
711	773
480	877
788	993
862	942
562	650
345	652
880	996
456	897
704	770
137	659
692	881
463	829
347	883
264	848
248	840
951	997
660	821
725	950
866	889
442	827
769	993
861	959
152	270
743	940
165	963
701	943
412	840
870	900
372	889
854	892
914	943
336	966
143	800
22	510
90	681
525	609
530	953
361	915
763	895
55	808
726	784
335	862
11	738
80	343
167	497
544	972
838	961
356	921
731	835
497	668
194	859
400	964
620	738
391	915
647	841
64	520
891	972
844	897
608	849
412	974
594	685
599	800
153	979
304	623
717	792
326	907
441	628
928	975
303	923
740	924
187	977
839	903
27	759
696	854
219	929
962	973
473	516
139	936
703	978
721	803
160	995
8	867
319	988
916	978
489	682
869	903
198	698
84	862
203	813
800	803
142	803
510	970
703	870
513	975
274	464
408	693
69	998
807	927
302	940
350	688
811	817
943	973
795	809
473	529
920	989
82	644
719	935
760	973
531	921
226	285
377	417
676	750
612	994
560	804
257	766
598	830
188	932
670	935
931	976
513	988
549	645
191	937
783	812
347	696
75	991
199	532
984	987
822	925
725	763
642	994
494	830
554	881
452	833
498	949
157	427
22	202
299	776
693	932
660	755
12	948
755	763
861	893
451	766
542	884
561	897
233	543
296	599
170	194
581	997
856	936
836	957
775	947
379	718
16	666
618	1000
692	949
76	680
787	957
331	677
138	548
754	780
518	769
611	960
335	796
267	369
453	559
7	967
733	842
764	946
530	779
442	895
479	962
148	862
638	955
108	497
209	549
145	793
870	968
106	572
803	914
949	968
398	865
805	960
612	794
166	973
307	683
45	683
565	978
568	724
374	858
897	899
234	326
712	853
731	903
786	802
730	907
348	576
339	756
793	963
784	914
911	955
536	812
360	586
184	855
346	688
84	688
222	881
35	237
802	904
941	982
839	971
438	627
52	820
915	966
607	813
235	941
716	985
770	992
97	189
181	826
676	805
275	461
781	858
887	988
362	874
651	748
596	812
785	977
609	751
540	880
820	934
765	998
625	695
737	936
79	936
288	817
176	990
873	918
179	995
910	985
406	957
808	937
450	1000
794	810
546	708
785	990
783	880
356	547
667	934
727	985
452	780
121	946
551	759
468	990
456	899
762	942
588	826
467	536
780	996
155	944
442	708
359	939
829	888
636	722
768	878
933	945
239	793
588	947
51	742
665	901
384	888
236	724
659	827
194	498
207	437
14	796
275	608
710	765
803	956
357	906
453	843
857	963
534	953
9	839
754	956
863	899
164	861
370	966
571	727
386	910
372	783
317	847
303	912
39	48
440	917
62	971
365	743
367	789
534	966
708	853
446	853
754	969
955	959
913	962
252	987
219	810
235	525
823	961
828	975
943	962
186	754
579	685
675	918
97	941
790	868
661	754
834	911
779	975
705	797
350	569
916	980
772	972
546	629
749	988
91	988
848	967
448	996
322	628
162	410
230	810
30	190
21	636
71	228
422	980
494	819
938	981
635	980
832	999
21	757
651	695
730	988
191	939
829	930
889	981
655	814
125	356
345	588
880	932
542	873
387	999
165	886
201	580
225	937
822	927
533	824
841	940
541	648
357	598
549	768
857	884
750	758
172	781
977	986
581	986
859	930
877	984
679	999
753	948
393	642
236	658
692	709
912	941
301	824
172	902
347	940
466	891
873	986
534	537
432	489
831	989
19	845
734	827
539	588
444	728
884	1000
689	761
102	964
616	956
836	959
674	897
734	948
34	951
103	556
735	769
638	836
256	505
569	965
863	954
520	551
227	972
731	771
923	941
840	943
437	967
41	967
652	892
509	843
178	972
35	923
632	913
14	46
310	862
351	900
833	903
511	623
656	718
823	895
247	964
949	970
277	806
277	577
106	924
474	862
749	801
614	842
740	981
858	973
16	923
24	747
365	811
74	110
580	736
800	968
712	855
791	919
491	627
524	575
656	960
876	963
413	973
304	922
645	986
268	999
483	924
920	925
441	927
730	801
760	909
182	932
572	858
190	527
429	809
704	748
621	979
24	760
332	876
133	932
656	973
744	820
895	989
287	581
600	812
545	876
457	992
259	519
410	422
542	807
547	922
492	986
607	707
188	989
804	992
697	866
584	925
317	352
575	876
38	937
690	826
299	941
65	774
552	892
555	638
799	998
58	1000
669	888
672	930
126	905
776	987
864	871
868	990
764	869
444	662
686	949
264	960
162	949
341	951
564	700
335	382
981	988
414	648
914	934
28	841
831	936
597	769
289	616
638	770
665	903
706	941
805	883
400	834
741	898
653	785
861	963
432	786
798	880
113	777
803	958
223	383
659	950
879	953
483	724
224	729
592	896
432	678
454	962
674	965
48	917
15	740
717	783
78	567
229	965
900	904
330	788
545	676
8	737
784	958
200	678
489	552
621	671
837	969
675	907
721	794
110	869
578	745
624	861
569	925
663	789
19	458
590	984
772	961
268	933
367	912
928	979
881	904
886	982
278	574
388	971
608	974
195	576
346	974
962	977
464	737
422	969
670	805
744	754
78	930
601	971
138	981
413	920
688	859
476	976
388	863
300	979
589	853
387	867
308	345
781	794
593	972
712	923
827	910
832	988
202	821
147	885
651	684
563	571
513	979
843	854
91	761
485	917
231	475
778	873
630	746
382	415
423	941
560	687
288	982
758	931
26	716
12	818
300	992
612	998
899	991
491	708
852	916
2	251
783	816
479	819
73	131
965	978
588	991
987	996
835	868
945	999
617	645
185	493
787	827
93	904
475	942
103	545
366	955
586	958
606	873
410	961
803	892
495	547
137	839
388	421
674	778
668	704
379	601
558	832
328	555
592	830
187	552
522	542
851	946
304	319
240	563
587	607
358	784
647	658
148	974
724	841
528	966
440	853
930	946
641	843
687	959
222	859
337	846
134	783
516	848
92	786
345	966
740	741
523	972
812	846
237	386
443	720
214	631
370	915
629	846
596	669
212	972
231	985
724	854
44	866
682	857
131	754
502	926
6	988
73	749
235	582
568	728
303	982
633	857
811	863
170	803
464	792
772	908
395	921
832	922
455	972
675	975
212	985
50	923
256	991
812	980
605	916
173	993
355	741
126	881
272	972
304	924
920	927
697	855
862	922
17	867
466	693
452	529
635	916
24	991
277	942
404	983
739	973
101	716
395	934
472	629
615	937
618	683
296	403
848	916
416	993
195	994
795	989
7	650
315	766
664	691
540	884
144	655
584	927
281	889
704	992
602	981
280	930
467	527
637	938
31	899
810	866
58	773
438	994
639	984
135	956
231	435
179	999
253	948
382	833
354	1000
910	989
954	995
945	946
650	769
686	951
727	989
840	866
674	833
81	962
851	880
854	885
135	969
773	997
336	959
699	782
349	898
558	779
766	957
631	998
120	782
925	950
419	849
78	556
275	841
344	446
25	666
374	554
150	846
632	849
296	900
442	954
631	890
455	893
358	960
738	952
872	952
550	901
626	896
15	742
791	963
428	911
615	737
386	914
601	839
573	740
784	960
677	834
61	336
33	274
373	571
406	519
381	691
386	806
587	796
485	785
614	670
738	965
572	673
302	812
118	991
737	740
98	753
203	806
459	732
612	974
87	860
367	914
804	915
69	991
628	689
218	525
242	919
825	974
448	987
792	797
575	799
556	557
860	968
533	573
598	931
703	984
381	933
615	871
236	286
119	704
296	337
480	912
140	992
434	981
635	971
332	933
767	861
51	425
598	823
477	533
246	866
889	972
471	984
691	987
732	759
11	999
396	581
346	989
748	969
767	982
478	879
211	535
684	984
40	882
725	756
661	1000
862	990
3	1000
292	874
787	816
415	944
10	895
973	979
683	880
521	818
975	988
295	1000
358	531
385	893
775	819
750	762
521	939
595	888
884	991
655	939
276	354
498	955
597	934
831	872
349	832
13	654
574	950
44	492
546	888
829	947
221	539
190	960
551	939
261	611
714	822
865	991
323	671
361	963
796	891
565	850
347	368
256	738
504	611
803	907
467	958
520	555
365	681
184	377
510	776
469	509
642	666
210	514
471	555
351	904
654	676
37	973
97	987
110	926
256	751
784	907
383	563
85	869
428	979
758	854
818	905
367	969
64	931
105	969
526	733
545	746
452	518
797	967
816	980
695	919
203	982
318	969
411	931
593	679
758	975
235	705
480	738
719	983
163	802
435	995
952	962
281	528
371	687
920	929
629	982
205	920
623	642
774	811
438	862
300	928
520	931
602	970
781	972
716	991
12	875
6	306
61	767
465	591
390	942
560	865
868	981
788	988
686	940
363	701
225	996
780	989
260	724
521	765
130	880
773	986
32	722
882	892
458	830
227	897
903	951
276	301
171	773
988	995
859	881
105	419
181	966
201	881
321	946
836	897
500	948
632	838
2	671
599	661
764	994
56	907
386	782
713	948
578	723
798	992
454	953
297	481
789	943
701	830
613	946
269	907
52	155
48	679
571	720
750	951
617	836
276	543
523	908
209	489
814	828
659	954
819	943
139	918
529	844
349	913
742	844
828	847
365	857
425	908
411	973
428	913
717	787
716	791
163	615
292	500
797	901
742	965
131	811
120	918
502	983
252	283
340	921
853	917
173	929
825	855
520	973
453	983
327	578
888	911
110	994
655	794
490	986
820	861
732	748
23	59
649	750
700	981
712	806
920	984
524	984
381	935
725	745
427	822
116	637
536	994
594	935
795	925
552	938
813	979
178	468
54	698
403	815
931	971
950	984
33	989
107	938
850	982
822	920
82	881
1	956
725	987
86	771
326	460
639	920
313	935
695	1000
910	925
646	815
40	776
378	1000
636	770
727	925
625	877
74	774
183	946
26	733
898	928
447	992
249	253
667	766
963	993
178	952
272	358
731	872
535	997
213	946
290	375
185	847
114	149
14	965
298	495
611	955
266	957
393	998
555	831
789	998
434	770
197	857
379	605
865	993
249	724
1	393
741	957
460	944
548	791
881	937
196	605
944	993
555	952
599	729
953	961
464	541
488	898
480	485
867	894
715	796
379	847
203	850
373	507
59	613
675	845
735	896
821	899
243	922
462	966
398	981
34	970
312	914
279	737
702	840
848	894
485	842
110	699
545	856
292	447
682	861
728	977
492	966
323	928
422	678
802	899
389	501
260	579
413	858
702	961
779	915
913	915
80	648
603	689
360	702
621	972
656	966
716	980
237	982
760	794
586	870
971	977
712	982
660	792
390	931
610	971
77	885
443	979
369	764
322	918
405	458
503	993
584	689
855	923
280	692
646	749
102	770
183	880
453	475
632	706
785	985
26	896
3	949
685	983
454	821
261	655
896	937
789	811
720	940
123	721
95	888
692	878
838	932
917	996
177	957
481	550
379	539
310	668
86	960
189	378
306	963
741	891
727	993
276	303
592	768
432	550
743	937
817	886
710	760
252	848
39	969
653	899
353	607
933	953
234	952
633	661
416	434
462	779
402	499
536	728
585	886
571	951
689	943
823	943
842	956
501	663
673	854
492	779
819	945
263	727
390	502
634	899
694	913
821	954
96	964
344	800
8	851
932	970
443	550
527	921
698	776
221	851
548	980
147	636
890	946
587	908
581	605
705	900
825	965
816	916
217	853
84	967
280	384
552	806
496	911
4	974
202	464
153	279
619	981
402	983
737	973
61	461
411	988
739	790
174	752
513	972
193	765
760	849
490	988
11	990
800	921
700	983
25	107
799	925
417	631
205	977
843	968
77	940
61	703
752	971
931	973
507	645
512	989
553	761
570	701
965	971
583	640
407	414
632	761
324	416
945	992
208	470
581	981
383	996
396	935
551	580
644	771
789	866
541	764
577	946
535	986
972	987
669	949
889	989
667	876
567	938
185	607
570	943
606	637
924	946
49	719
926	992
898	930
878	951
597	938
817	941
836	954
963	995
550	597
151	851
849	893
57	435
312	661
787	954
625	892
927	934
872	998
421	833
569	731
715	785
645	726
590	790
279	605
446	782
42	140
775	957
258	667
152	914
656	713
367	610
726	957
349	970
911	939
195	503
497	841
106	919
485	952
523	978
814	898
712	850
156	632
147	812
463	560
413	968
527	989
368	673
888	968
115	981
323	930
656	847
386	986
563	619
721	976
191	747
603	920
85	994
198	871
874	925
538	976
445	519
758	979
119	992
876	971
895	984
292	691
107	874
313	979
542	573
739	858
252	474
546	692
862	928
466	928
447	686
149	992
218	597
457	879
880	982
966	985
883	987
225	987
822	977
445	990
627	738
716	995
444	536
898	972
719	1000
639	977
658	990
873	915
396	990
882	883
692	988
866	875
563	874
184	289
875	880
474	536
840	859
542	936
5	960
690	834
863	991
560	990
197	901
530	818
567	885
410	901
933	942
671	942
652	700
872	932
638	765
146	828
715	719
849	948
434	706
7	898
604	888
222	557
363	947
449	950
564	708
715	840
164	966
761	956
585	767
282	958
442	947
492	539
764	998
199	960
636	961
837	951
565	788
671	955
237	434
710	883
324	847
430	950
86	157
523	912
94	735
489	547
921	958
392	843
538	897
879	961
221	961
818	951
106	745
316	969
913	959
715	974
575	671
346	848
948	953
846	905
142	789
469	918
684	843
331	984
490	977
880	903
591	800
448	980
723	956
145	979
122	995
290	808
436	862
469	810
510	848
615	864
36	928
707	867
793	907
531	907
551	556
635	964
855	967
99	166
931	962
110	998
908	978
503	929
52	993
608	982
566	985
294	526
901	975
794	849
813	862
725	978
76	303
771	865
237	931
727	795
820	986
746	808
484	808
179	926
776	916
270	290
695	991
390	880
117	462
463	870
741	814
278	824
209	990
245	647
446	637
644	881
762	873
643	693
244	947
720	876
315	598
444	483
576	868
600	996
639	924
643	814
321	763
238	994
403	832
838	989
141	832
631	696
829	940
741	827
759	881
454	999
528	948
891	1000
178	835
85	378
90	722
926	994
967	995
562	946
923	925
699	951
239	966
830	882
16	894
420	489
636	787
6	620
652	997
210	386
784	887
75	198
742	890
645	957
860	882
10	446
249	728
777	884
735	887
495	905
751	831
696	895
654	898
594	618
525	784
717	954
736	967
505	546
111	915
446	905
592	959
113	961
751	952
949	967
816	852
828	906
888	957
525	905
122	929
441	911
802	890
143	988
91	798
760	893
599	975
313	618
95	395
513	908
628	858
853	976
779	798
751	965
209	682
6	996
408	976
655	853
168	994
880	971
603	922
195	868
644	694
60	414
123	699
598	992
655	974
466	809
254	401
686	812
765	876
759	802
970	985
706	912
150	694
255	747
549	699
903	931
545	994
223	943
460	627
584	922
966	987
778	936
136	651
771	933
669	885
39	718
433	874
875	990
42	989
204	822
556	981
575	994
468	868
776	984
910	984
514	984
674	936
970	998
211	946
734	987
49	884
2	543
667	933
856	869
713	820
372	527
504	646
743	928
729	764
393	815
560	992
701	931
775	880
921	934
678	947
337	654
342	769
851	875
460	990
680	993
798	985
220	779
541	834
742	824
546	949
269	900
833	942
461	841
763	883
78	551
606	936
666	950
284	656
611	785
886	953
316	837
844	993
440	903
715	842
338	892
76	855
659	947
585	769
796	952
290	326
18	621
307	495
515	673
754	955
914	944
358	726
344	791
490	616
825	835
173	680
467	898
71	898
761	850
673	966
327	329
388	955
462	904
369	447
681	719
318	667
538	899
860	950
232	563
399	740
175	968
13	152
450	907
59	793
4	857
353	974
670	681
587	912
484	676
214	815
828	974
69	168
506	694
15	871
920	977
524	977
936	958
182	984
144	463
283	807
317	391
957	980
795	918
566	866
192	625
230	917
610	909
651	910
780	795
744	872
477	757
697	797
301	797
265	874
554	748
760	853
42	802
551	679
140	879
286	933
244	936
63	861
371	748
137	581
40	877
310	472
898	908
320	931
655	921
125	692
204	985
278	934
584	977
938	980
887	934
637	988
577	708
771	988
972	978
669	940
410	945
845	873
275	757
690	770
674	762
178	824
987	993
68	952
546	762
403	942
141	942
722	924
667	988
708	760
128	185
840	916
322	990
132	829
156	957
131	375
972	991
306	901
273	724
529	650
234	998
261	835
13	770
696	763
333	711
68	965
90	724
305	649
458	891
967	997
764	934
15	550
139	845
750	770
782	951
205	418
283	486
508	833
150	896
95	960
736	956
851	943
694	959
45	550
427	615
638	835
151	976
352	966
429	661
948	997
409	719
923	940
386	964
23	912
224	673
504	956
160	917
435	856
591	844
816	962
322	427
47	222
181	451
29	848
511	851
934	954
937	959
441	792
709	957
626	959
276	846
675	851
196	853
504	969
941	970
677	897
498	629
593	903
381	983
274	628
540	747
52	929
649	919
594	983
725	914
785	965
752	788
64	939
279	864
380	916
282	344
600	919
22	942
85	998
778	925
616	863
621	978
170	813
343	970
202	994
100	983
250	284
917	976
287	580
254	403
512	927
873	906
198	996
690	704
60	537
127	298
373	768
128	937
799	876
711	992
871	981
678	815
62	354
306	943
232	765
366	994
447	690
328	473
584	924
704	989
341	937
542	927
519	943
720	933
112	296
241	935
838	925
10	19
669	887
130	875
768	866
762	822
49	886
706	927
90	658
255	991
865	920
870	998
903	946
947	989
138	591
280	940
454	827
710	753
847	987
733	885
590	836
796	941
378	953
942	995
768	879
854	882
721	767
17	422
564	820
657	782
951	1000
622	761
481	785
319	723
530	943
810	997
507	959
111	959
909	939
231	795
284	887
437	900
457	549
622	882
388	715
921	949
599	898
731	825
772	826
254	900
837	955
23	967
854	895
895	896
143	803
569	911
770	901
527	914
608	610
93	393
805	895
807	904
573	737
380	608
14	221
57	857
640	912
156	570
524	737
670	791
675	906
224	970
834	899
22	755
913	963
806	837
728	917
406	866
681	842
304	855
450	909
725	848
436	745
615	976
582	799
749	976
311	979
278	573
457	804
493	498
462	919
448	984
47	640
693	788
786	979
205	970
876	909
573	871
718	966
470	864
795	920
492	919
662	805
478	984
376	973
395	986
873	961
283	930
226	396
765	933
685	910
448	997
759	859
883	925
822	915
136	587
174	879
482	995
604	692
48	474
163	986
820	990
424	990
64	189
451	635
537	638
877	972
574	934
63	755
357	936
417	987
86	887
301	812
991	993
428	587
686	882
111	651
672	984
892	987
456	834
588	990
748	979
22	84
775	816
109	992
431	777
439	867
865	975
898	923
581	987
433	823
856	926
493	874
634	813
801	990
116	887
680	929
28	774
143	724
532	536
690	893
528	831
836	947
500	998
302	488
830	873
238	998
613	875
33	71
384	823
819	980
678	775
337	482
851	932
171	944
419	780
787	947
914	988
831	990
3	313
75	418
269	957
305	651
948	986
819	872
497	821
805	937
717	824
1	388
479	952
427	496
647	765
564	767
402	668
539	939
164	796
761	786
483	778
777	996
455	716
152	907
307	552
854	950
193	679
427	617
270	899
430	888
366	378
223	329
520	781
38	549
406	679
392	781
700	897
712	722
423	619
428	963
180	898
469	735
188	722
821	894
600	666
751	835
814	891
