75	673
911	945
25	852
5	348
758	851
885	892
334	789
568	727
86	687
504	971
457	859
25	973
718	900
751	848
107	746
767	792
538	969
744	808
298	987
210	874
153	340
375	453
591	980
312	333
709	972
10	934
390	926
725	916
436	813
438	859
820	924
295	810
281	875
181	937
410	531
877	906
519	703
766	809
494	875
394	937
549	582
213	633
774	929
534	688
171	636
190	649
281	996
369	880
892	921
776	975
79	818
618	803
463	929
764	857
526	985
685	978
284	634
349	763
817	868
729	755
417	934
458	935
940	975
365	478
571	583
655	991
856	981
9	816
470	945
652	693
872	925
583	822
393	698
558	994
766	943
659	817
805	871
442	819
326	873
768	989
606	927
657	892
206	727
374	540
453	604
673	836
747	822
277	378
1	443
157	956
754	946
224	717
279	424
592	884
611	897
597	999
201	999
633	656
666	833
671	948
421	773
674	953
352	902
849	954
976	995
39	856
601	825
633	777
738	830
550	779
751	769
44	907
522	946
324	961
351	835
142	661
455	892
749	844
854	897
578	962
108	784
154	900
116	379
830	954
489	661
888	895
184	550
612	960
538	782
133	733
490	970
911	1000
80	577
943	952
580	900
313	785
423	916
684	957
703	970
771	845
39	172
691	852
696	967
332	919
93	408
43	816
511	921
786	860
73	695
730	965
554	968
848	957
464	967
285	699
725	971
381	932
370	514
790	871
72	591
350	572
470	866
778	982
179	919
437	460
855	973
899	979
799	812
57	175
394	992
769	906
452	933
809	978
965	966
643	915
835	856
174	881
232	822
600	989
391	586
938	984
253	881
776	922
321	756
495	643
574	707
794	976
632	648
447	868
975	987
671	990
863	931
371	994
324	882
434	525
926	987
733	821
230	466
189	199
636	888
859	933
27	780
132	833
472	938
921	993
659	993
291	597
134	879
824	831
823	872
854	939
124	605
652	990
154	713
830	996
756	818
351	998
866	949
208	720
137	251
87	659
166	952
268	734
689	993
736	839
240	672
565	957
601	651
317	892
680	944
303	957
900	947
523	960
261	960
775	952
341	431
217	661
222	968
640	727
874	894
464	767
230	600
805	831
694	963
284	836
721	837
531	942
77	506
242	839
784	893
346	896
129	144
459	544
698	826
502	914
837	904
890	996
730	778
399	907
922	948
41	970
242	960
261	973
696	901
603	673
566	791
610	834
381	745
515	974
730	899
694	976
532	914
480	724
181	576
786	915
376	788
412	445
804	969
210	984
535	552
75	796
454	563
579	972
276	971
123	463
549	571
153	571
347	851
829	854
540	751
89	815
37	396
61	753
42	511
229	337
542	797
709	974
970	978
390	928
632	690
181	939
286	992
36	292
285	767
266	525
665	759
128	820
260	939
604	749
31	887
249	292
176	982
295	933
52	946
468	861
368	923
795	990
808	929
706	918
558	754
347	985
669	770
842	927
947	980
157	595
905	983
46	993
316	359
574	883
835	924
783	993
939	981
689	806
111	829
493	931
42	995
336	947
933	937
396	998
740	771
196	415
784	814
951	991
954	996
227	896
768	991
152	722
699	891
321	945
426	998
434	822
733	889
516	891
106	498
289	848
294	963
302	787
580	768
420	550
645	897
846	887
175	719
791	951
6	910
395	722
367	660
578	843
256	563
489	771
420	900
580	889
700	954
16	29
353	846
694	910
91	846
614	887
233	966
916	959
712	900
909	956
325	905
688	728
292	728
58	561
886	972
383	617
140	859
663	900
575	787
533	790
693	779
290	803
106	982
279	910
380	962
600	965
633	913
397	902
686	739
484	790
737	970
589	843
871	906
573	983
526	908
39	524
61	808
369	924
704	914
341	862
602	903
307	985
496	921
205	974
802	964
320	924
444	465
89	762
584	970
162	752
836	925
211	873
555	683
868	914
288	864
871	919
931	970
530	626
361	817
158	754
273	704
873	965
190	706
690	763
305	629
425	694
394	886
287	760
755	865
56	598
364	714
625	984
143	715
338	927
720	992
558	701
117	699
637	994
678	995
494	945
535	983
139	717
829	935
378	999
708	874
861	887
3	75
882	946
835	871
286	363
277	543
29	478
731	750
796	879
395	535
226	763
9	994
212	599
812	823
495	887
297	414
398	954
7	840
282	779
180	997
791	885
6	615
391	951
14	964
53	138
564	879
297	764
844	933
269	961
76	795
544	900
714	823
387	428
645	952
733	836
39	913
689	995
754	895
301	361
89	441
195	608
178	964
539	943
594	613
492	831
409	833
161	731
328	908
54	605
793	944
812	957
219	857
681	888
860	890
724	965
737	904
635	893
593	896
730	901
196	967
719	742
619	804
584	783
355	960
179	734
676	786
492	965
51	468
739	842
725	907
293	984
752	781
716	858
623	630
53	514
512	799
966	969
121	914
682	981
685	727
537	563
500	681
40	696
771	915
530	560
447	791
292	917
507	576
512	920
727	845
209	919
594	989
332	989
239	761
674	689
579	866
651	971
76	474
155	804
366	987
77	884
759	918
616	869
564	679
817	859
321	692
343	976
959	979
783	982
15	356
144	995
537	697
776	979
789	918
868	982
546	931
169	944
340	533
861	942
905	985
924	998
863	988
646	990
398	888
866	993
186	480
475	879
645	765
791	819
851	870
268	549
680	988
745	888
558	998
995	999
255	997
865	926
240	837
436	483
592	996
927	986
816	889
516	893
675	886
601	708
64	732
881	991
443	765
116	141
164	855
673	961
833	950
717	775
529	953
804	892
381	560
182	845
605	948
724	899
402	619
603	609
723	940
860	945
16	31
620	963
214	689
809	835
869	886
561	733
230	899
744	854
804	905
890	945
64	866
256	807
262	329
248	394
786	972
920	972
238	615
119	923
293	810
45	745
122	174
163	966
667	728
75	853
424	741
133	979
931	959
568	907
741	798
908	975
94	987
410	698
547	969
627	669
753	808
200	336
604	685
669	814
787	806
28	754
140	995
919	962
644	757
69	526
542	975
445	813
213	921
774	988
204	872
484	926
69	647
5	891
968	975
197	832
52	185
186	414
819	852
67	988
926	978
801	983
396	934
690	886
476	634
632	881
255	931
838	986
475	934
914	981
933	994
432	712
845	881
17	241
16	770
269	950
425	938
272	467
461	891
722	932
317	883
611	835
210	491
652	873
261	951
383	419
775	943
594	602
516	948
207	607
196	714
872	997
127	614
696	1000
814	992
847	940
511	954
170	661
318	596
356	851
626	712
731	994
703	895
185	969
823	997
377	910
724	954
770	841
2	969
392	895
65	500
557	962
109	314
427	623
380	777
430	894
330	956
383	782
594	965
742	900
167	669
929	955
404	841
524	906
651	718
785	947
862	901
922	952
600	901
545	965
416	851
612	911
18	926
95	621
422	787
515	978
615	916
656	954
298	980
895	970
375	446
361	511
278	513
42	502
748	893
249	980
95	742
683	912
457	865
214	878
220	400
137	860
404	975
54	862
381	991
771	917
191	867
810	845
249	283
873	901
152	350
556	965
616	750
514	968
951	969
706	909
711	987
482	935
144	876
686	930
713	804
264	712
606	678
551	742
181	943
487	986
924	987
817	861
225	986
618	917
494	881
958	985
576	691
875	987
639	976
914	915
518	686
891	931
473	943
643	866
187	586
574	995
844	856
371	932
849	934
522	576
472	984
766	936
236	707
893	977
912	990
764	863
664	925
180	812
796	815
460	866
479	879
620	818
231	777
625	933
456	895
60	895
3	132
476	581
62	941
401	407
544	944
136	661
359	935
923	977
532	826
597	992
201	763
159	995
393	933
333	653
925	942
777	815
636	839
37	776
782	893
928	947
418	882
504	885
261	898
435	785
495	836
283	428
314	495
170	487
390	490
923	990
158	369
545	778
798	995
872	944
495	957
932	958
407	844
116	143
90	908
613	949
580	772
571	952
337	785
593	711
161	788
340	790
804	894
545	899
228	963
25	900
401	891
557	909
596	837
255	544
688	840
614	662
834	894
672	832
374	909
83	208
107	565
492	901
832	969
513	960
867	963
28	393
828	971
776	781
15	868
679	848
758	912
422	963
452	805
488	499
61	920
718	961
704	797
41	453
547	850
108	214
178	458
651	907
238	509
790	985
301	794
232	923
706	735
917	918
686	985
861	986
47	998
773	910
382	988
660	969
720	983
49	815
609	923
774	990
507	875
722	800
870	927
171	926
553	991
713	980
975	980
363	867
831	972
965	972
41	587
662	934
462	580
254	816
736	819
405	985
960	978
726	811
616	939
757	878
321	991
421	700
357	944
645	822
78	711
606	867
831	985
536	771
467	937
536	542
178	834
448	658
392	534
750	996
879	881
405	998
97	845
842	999
416	827
200	714
921	999
401	475
48	845
736	953
937	943
422	534
215	958
344	843
380	537
869	930
420	838
948	994
800	830
288	655
185	971
620	899
922	941
182	902
259	368
602	707
198	617
714	948
337	961
10	566
717	953
110	918
435	974
841	844
560	602
568	951
447	661
402	918
487	733
855	900
299	682
235	926
706	777
730	905
716	970
788	846
719	975
889	898
295	913
56	402
553	683
83	505
55	177
767	908
786	921
21	795
752	785
7	402
650	737
177	813
130	967
259	623
947	960
662	976
665	981
959	970
95	636
875	976
372	621
410	876
792	978
556	967
55	419
313	980
795	983
951	971
822	857
868	973
398	758
912	979
34	747
631	737
358	578
660	916
734	865
720	930
665	994
219	648
613	804
780	981
940	970
114	891
375	932
264	835
8	586
473	945
951	984
558	989
632	938
150	706
236	709
20	825
194	483
469	651
796	817
129	997
745	1000
564	925
726	758
46	999
294	835
462	648
500	940
622	637
508	764
219	661
866	997
194	833
708	825
224	712
914	930
210	548
814	928
547	584
846	880
906	931
548	957
100	538
988	1000
578	836
724	890
476	825
52	497
888	998
406	729
860	936
409	1000
818	939
703	723
964	993
23	964
441	723
141	431
124	787
779	947
311	613
594	901
874	955
496	780
545	901
503	675
198	564
220	323
524	963
656	890
174	850
205	954
100	672
716	904
526	780
586	794
489	898
57	975
695	966
146	495
533	904
290	917
524	855
510	957
665	794
223	863
28	624
346	970
739	901
436	863
119	927
802	957
380	968
619	984
801	961
116	629
28	745
176	680
314	873
732	861
792	912
360	989
561	979
274	922
713	969
892	971
281	817
607	987
302	351
664	740
815	872
116	871
124	466
518	622
382	761
574	931
173	587
734	920
357	933
585	797
2	476
838	977
12	935
170	289
282	530
861	880
201	807
504	579
808	990
302	364
646	928
701	864
747	980
379	584
488	985
204	997
686	1000
782	937
768	810
303	939
256	598
851	929
721	819
353	423
738	759
729	939
223	313
761	891
236	777
659	880
571	996
24	369
731	985
648	950
226	998
242	942
3	431
275	890
476	880
963	998
25	715
319	896
816	948
860	991
450	598
50	893
432	958
344	845
154	721
407	901
291	955
695	779
566	665
731	998
807	956
608	783
222	976
258	670
239	391
411	912
423	966
478	902
937	958
535	655
853	964
765	851
484	838
162	558
547	894
610	950
324	327
210	979
306	687
581	663
283	969
765	972
603	910
190	512
649	797
616	620
693	840
173	279
799	970
917	962
667	787
355	966
811	980
107	864
451	674
671	677
519	808
408	977
12	977
174	810
655	854
667	908
586	983
947	962
162	692
506	990
662	749
940	959
306	821
262	751
456	994
690	932
165	818
970	986
486	873
338	746
954	978
747	914
750	919
865	906
884	919
650	752
130	982
171	983
264	945
275	811
349	760
924	991
882	994
209	228
618	921
856	978
534	927
639	980
597	983
60	778
951	986
184	521
20	827
268	663
111	945
212	768
289	722
638	876
426	993
140	370
700	707
87	709
510	812
736	889
942	994
138	711
721	766
229	829
913	936
407	835
525	827
79	481
370	953
428	894
925	946
818	820
111	958
54	424
64	846
587	887
661	836
702	874
969	989
17	542
168	674
369	435
668	997
847	999
700	949
502	964
620	956
749	841
876	882
163	717
39	156
897	941
71	899
520	954
84	838
918	1000
806	944
952	998
681	949
15	859
390	736
739	890
307	967
821	959
559	959
774	847
33	849
157	390
437	444
794	947
216	970
51	408
887	909
265	862
210	926
806	957
406	986
10	986
478	862
901	965
44	341
945	971
482	981
815	861
672	849
565	686
639	672
732	863
878	917
377	635
236	632
463	860
494	927
543	560
861	869
331	640
649	986
387	986
602	911
211	989
863	915
486	699
780	917
348	994
530	742
731	732
320	932
409	452
856	912
363	979
919	968
979	982
330	573
734	922
687	810
899	989
269	822
752	976
851	918
796	982
634	920
567	930
226	637
551	922
537	987
129	933
537	758
91	412
146	873
891	990
863	928
808	992
107	127
370	995
967	985
764	922
623	946
287	997
461	884
199	884
667	989
124	710
339	369
597	930
132	830
365	543
153	889
576	992
653	946
724	826
677	751
830	993
250	943
599	831
444	957
423	834
442	884
298	839
260	318
215	841
429	770
539	938
814	877
918	934
150	308
876	937
325	834
399	783
306	326
531	939
316	785
589	651
145	903
860	885
712	721
758	837
54	721
703	901
22	917
765	961
462	960
811	848
883	953
695	902
318	952
915	942
853	966
218	455
460	483
448	917
112	968
299	794
46	385
87	911
73	976
35	455
482	915
702	955
283	971
61	858
66	973
267	734
795	853
836	854
496	971
339	987
810	838
573	925
774	915
278	977
875	967
686	802
457	979
61	979
167	917
146	794
795	974
373	985
8	335
552	987
123	810
450	976
558	738
871	969
296	509
31	992
628	982
254	512
685	964
597	851
905	967
487	979
349	749
924	980
789	792
202	995
940	961
141	985
81	705
301	974
678	695
838	913
857	926
917	977
796	916
218	939
873	907
773	969
234	920
850	923
528	872
32	934
285	885
935	967
453	469
389	979
870	986
903	934
947	977
685	977
418	862
826	916
803	932
151	777
622	628
882	996
467	754
539	859
186	246
301	987
194	595
180	697
562	762
419	942
694	881
735	919
840	972
933	934
932	938
233	937
412	939
847	867
318	523
750	934
777	808
592	991
754	824
31	429
60	901
164	958
310	783
296	885
328	837
615	830
441	714
620	945
72	322
416	886
492	881
323	843
890	927
969	991
647	940
624	956
402	843
314	730
828	951
920	954
610	994
895	897
922	1000
707	846
811	903
179	663
277	969
203	791
607	844
519	731
505	833
293	913
471	956
94	740
880	895
911	999
410	451
387	962
106	979
265	972
182	974
256	923
779	964
493	607
38	966
126	813
776	895
957	970
332	918
643	780
533	908
165	512
808	847
582	800
609	903
260	749
628	916
394	978
609	674
873	949
267	910
809	964
321	621
885	959
329	741
497	554
655	911
493	849
223	988
727	787
859	906
47	762
556	905
418	675
878	919
938	970
36	115
21	975
269	811
348	875
535	967
664	852
428	575
774	983
75	982
185	588
873	962
74	757
242	570
257	878
384	690
824	925
254	809
636	874
419	876
620	637
840	906
102	711
831	857
743	973
261	704
104	986
789	860
585	801
199	994
36	478
504	583
569	941
462	586
66	586
766	997
907	936
444	946
604	935
645	936
226	989
307	648
842	992
928	995
449	997
657	946
756	925
830	874
687	825
351	876
733	941
6	841
548	895
231	959
955	990
652	989
330	938
624	890
517	764
314	664
388	650
401	589
833	1000
515	839
826	997
430	997
22	677
784	1000
797	939
698	933
268	854
128	551
150	310
735	1000
716	721
614	939
364	498
751	944
677	766
663	831
415	729
814	1000
511	962
189	682
147	685
496	839
656	828
807	960
380	664
140	911
542	662
621	955
43	978
368	546
781	944
813	896
155	667
334	898
103	211
688	901
168	865
424	562
822	837
739	839
885	893
35	457
862	909
903	910
746	963
759	902
630	788
883	968
690	802
662	740
137	855
81	694
898	953
669	864
834	968
875	969
345	740
693	965
868	966
665	866
315	753
497	501
843	909
414	732
667	912
88	976
537	802
266	753
445	984
775	859
40	935
595	928
419	931
567	866
102	995
264	828
470	933
96	692
509	861
569	646
555	748
849	929
546	928
491	992
461	820
483	579
201	866
638	867
490	703
798	856
440	882
197	895
714	862
332	531
318	633
356	888
942	985
23	944
83	995
754	934
652	923
210	541
798	977
932	940
756	980
379	993
489	636
162	241
57	713
700	819
626	641
414	987
565	890
988	993
573	714
330	993
523	893
930	988
448	719
847	990
763	996
460	995
138	944
377	960
430	823
316	950
550	888
751	878
453	955
626	883
277	729
48	906
478	719
309	947
918	991
161	783
744	838
362	544
422	595
69	965
270	955
707	956
490	958
605	945
283	894
806	935
911	988
245	373
107	668
612	840
362	665
964	999
152	855
205	718
535	593
359	367
792	892
575	894
198	907
855	948
151	566
610	888
702	891
471	958
892	951
809	953
285	687
579	905
11	155
604	669
408	794
521	671
75	850
116	622
776	897
643	782
693	899
780	787
48	343
688	969
452	692
262	568
396	797
470	746
649	977
720	857
838	849
783	913
658	918
179	920
165	985
762	975
32	870
849	863
417	977
618	738
530	625
230	333
653	924
565	811
298	467
41	582
729	919
495	752
261	585
486	932
856	916
6	480
474	585
694	817
162	993
644	996
363	983
657	935
104	759
692	929
53	942
636	997
601	747
652	978
449	878
710	919
803	881
789	983
154	472
599	822
907	938
659	873
571	989
557	825
20	886
648	943
501	930
928	997
143	956
499	591
537	883
633	820
845	999
490	771
944	978
963	991
696	876
608	763
511	830
590	894
736	948
818	987
749	887
694	951
895	941
721	825
705	817
132	955
489	704
90	958
310	961
258	771
502	902
166	953
205	881
293	499
573	782
941	949
457	836
781	933
566	779
772	884
161	730
133	897
532	902
614	712
894	995
605	892
405	538
751	946
332	962
929	952
385	559
207	967
716	844
163	897
600	898
47	685
371	782
450	846
899	901
615	913
876	954
480	954
209	905
102	513
929	965
450	967
292	795
506	983
187	449
755	906
655	968
204	803
768	845
868	968
112	396
329	919
403	868
356	756
590	694
722	850
801	914
861	928
484	978
410	763
382	930
163	334
225	983
836	871
863	974
701	912
857	930
540	994
148	884
616	989
149	291
228	584
803	815
118	712
775	982
893	974
805	861
736	990
446	928
551	981
775	874
902	915
640	649
87	702
796	933
708	820
680	987
303	1000
513	581
141	184
652	925
707	824
605	813
729	879
333	879
539	984
167	587
934	988
846	875
395	710
802	805
826	933
256	780
946	998
710	987
94	718
30	733
847	992
814	815
62	951
103	952
423	893
552	778
617	944
109	245
119	667
526	533
476	941
539	997
580	998
580	769
239	439
309	949
216	721
207	901
876	996
359	477
283	896
806	937
171	426
451	480
883	891
670	783
334	834
894	942
589	831
162	498
406	858
304	847
206	275
887	902
563	778
931	945
251	957
688	958
447	603
889	948
111	388
216	855
642	963
84	147
48	224
581	953
875	905
820	969
157	625
685	781
745	795
456	692
313	909
662	797
693	901
32	630
593	963
722	784
311	984
842	849
424	861
314	989
625	851
181	874
602	904
211	982
155	858
945	977
667	969
479	918
47	995
124	461
671	859
731	846
493	974
6	590
653	926
975	977
826	854
872	970
454	982
252	996
641	808
338	807
439	859
131	477
805	916
865	967
884	980
667	982
979	988
902	970
305	751
833	870
750	872
56	949
133	644
726	929
265	305
517	755
849	999
907	940
538	814
244	367
309	762
343	346
386	945
363	998
55	845
600	645
944	980
154	824
176	354
921	996
860	986
529	886
656	927
548	899
895	943
955	994
213	357
572	704
388	883
830	999
186	668
327	607
654	773
645	953
519	548
469	956
579	599
629	945
689	996
992	997
257	319
105	716
344	961
360	905
148	268
216	897
598	962
515	964
760	997
809	889
748	879
519	790
338	486
670	959
134	427
172	682
554	784
922	951
88	725
640	972
940	941
431	569
774	908
667	782
195	972
808	906
887	970
903	914
447	671
144	862
121	915
308	970
248	690
470	803
644	690
905	960
509	731
877	898
453	570
618	674
623	981
378	921
638	737
454	916
850	916
810	965
754	804
644	932
19	880
3	347
297	565
206	935
266	986
247	744
863	976
627	965
439	914
866	981
403	991
141	991
356	650
958	984
777	909
469	527
42	985
639	975
498	999
754	925
251	570
416	637
407	588
30	601
761	820
315	999
331	943
330	984
509	986
440	886
522	925
159	873
140	594
742	928
816	877
921	930
222	892
879	933
562	997
983	990
193	605
284	989
67	237
418	989
677	691
723	807
654	936
635	694
714	987
117	768
934	990
552	659
851	992
496	764
413	995
628	654
740	895
848	923
504	884
306	374
111	135
561	600
332	777
712	769
20	956
156	551
749	836
399	952
719	893
779	944
517	715
825	831
594	898
709	885
976	1000
445	546
725	829
197	215
114	446
480	769
718	826
809	944
841	896
920	960
598	909
813	834
389	772
499	903
576	598
718	947
561	963
809	836
290	914
832	968
725	842
908	963
588	729
183	909
26	696
158	852
903	969
460	665
639	896
162	742
251	262
690	861
877	953
588	850
101	991
412	853
899	971
305	498
274	919
292	973
92	619
713	737
148	699
454	971
850	971
748	960
866	915
475	801
116	868
680	910
317	858
625	974
840	899
100	106
322	973
963	969
486	815
391	928
933	982
358	751
743	858
844	910
742	862
525	864
282	877
590	764
543	918
689	743
419	882
842	985
735	859
532	759
666	988
845	990
743	979
624	762
599	934
263	756
879	988
53	946
254	936
634	928
749	878
114	367
518	982
738	985
812	934
624	883
314	428
52	657
217	990
828	878
750	995
529	767
909	988
413	821
900	939
297	875
839	929
70	189
44	954
300	880
700	999
337	947
640	719
65	259
293	611
485	818
894	986
897	991
594	724
230	942
818	883
386	960
730	770
702	937
480	595
163	888
581	647
941	953
401	945
598	735
54	608
586	846
746	835
591	961
792	951
368	660
299	789
115	968
610	947
164	335
563	835
408	961
862	902
56	509
341	907
753	851
780	954
202	748
375	905
889	897
507	566
732	913
385	805
417	794
678	798
86	923
769	953
461	571
58	861
625	908
658	856
322	907
676	910
146	681
187	682
206	695
500	913
764	959
623	754
53	867
208	512
815	924
859	967
451	913
140	462
238	805
370	695
553	816
410	996
740	871
413	513
160	821
949	981
756	852
646	980
200	634
319	585
866	983
604	983
19	64
315	880
469	529
699	991
418	978
592	865
22	483
440	996
569	881
351	924
370	937
497	978
175	698
736	994
106	827
648	881
471	696
844	978
847	983
520	588
612	820
610	747
983	992
432	889
559	930
900	994
757	945
756	986
608	822
833	940
629	881
515	779
85	902
668	994
520	830
828	946
514	527
860	935
151	438
964	992
675	889
802	930
243	966
153	255
361	433
311	841
600	715
894	933
677	935
751	884
575	887
575	658
781	992
43	797
290	903
235	967
178	433
918	997
890	935
205	832
802	822
314	967
607	731
183	669
436	849
274	787
697	890
394	852
339	916
718	949
919	939
811	911
635	951
695	965
108	202
679	957
753	906
155	957
752	947
871	898
683	847
631	657
801	839
391	446
864	895
449	616
487	908
822	898
841	911
440	567
271	795
926	955
86	749
227	688
856	896
121	972
603	975
322	962
726	786
74	631
817	904
473	865
206	750
436	983
136	462
609	911
507	863
722	788
823	840
372	675
470	981
690	984
145	632
172	994
411	522
139	817
840	901
680	683
105	452
960	966
201	914
558	922
98	412
838	976
650	925
273	938
956	968
377	995
14	943
872	974
160	768
805	920
216	525
326	922
301	340
564	979
784	982
517	638
682	705
219	715
742	756
557	710
92	876
634	930
97	954
279	702
936	972
955	985
807	821
550	936
388	874
112	710
925	998
890	977
367	707
821	877
784	995
622	933
797	934
681	759
450	826
288	764
642	767
614	934
996	999
894	988
490	898
629	949
716	837
843	878
848	993
414	472
297	890
80	855
676	886
781	939
82	672
216	901
526	834
748	883
147	922
403	619
494	966
45	911
315	506
265	914
447	662
621	963
795	850
822	953
896	902
472	840
899	907
100	968
577	627
898	948
268	286
759	789
473	920
51	931
389	963
461	802
452	982
37	740
149	981
455	499
686	920
842	908
372	730
757	800
882	980
687	741
618	907
208	743
58	984
414	848
433	861
319	695
439	797
865	905
328	929
264	944
83	869
465	934
501	628
551	974
537	810
745	988
638	862
146	925
528	990
569	991
599	870
617	924
400	926
529	811
307	469
262	992
647	803
726	867
149	526
467	872
613	926
585	864
953	994
309	929
276	752
529	932
510	690
937	986
823	921
499	760
526	634
256	773
113	990
705	865
489	752
511	999
629	991
684	698
235	606
224	942
642	701
881	983
485	754
215	893
853	884
316	945
624	832
765	771
291	888
915	981
681	814
846	881
791	945
455	996
937	999
688	938
295	485
723	932
888	999
841	887
483	950
832	838
515	902
361	435
897	940
492	891
334	948
31	910
72	682
149	902
765	905
308	666
566	961
794	825
799	903
64	979
494	792
498	911
732	849
778	965
938	954
313	902
896	957
552	918
555	664
546	844
491	908
706	833
780	782
260	975
57	158
810	890
452	916
644	857
65	921
123	633
549	970
447	959
342	677
667	733
152	516
275	623
280	967
514	905
588	854
896	970
660	959
835	960
40	985
12	923
464	495
755	967
376	382
933	973
234	972
49	926
203	575
86	993
424	988
28	988
312	518
840	903
647	737
385	996
701	973
723	732
539	911
544	760
838	978
777	968
226	865
532	871
427	589
666	871
611	935
652	973
591	697
747	981
180	870
221	871
909	979
501	925
501	696
50	760
740	941
41	940
267	465
277	887
19	134
404	699
307	766
515	944
224	768
955	987
339	718
974	1000
812	938
531	925
872	989
572	697
649	651
365	892
640	831
731	986
791	1000
450	707
703	887
367	938
582	597
587	941
325	941
163	650
536	895
448	782
883	939
599	951
203	951
98	669
192	304
104	191
343	473
380	769
765	839
635	995
929	947
445	605
1	857
26	621
210	967
292	777
778	899
506	965
662	724
115	851
579	955
758	957
799	958
457	965
572	952
308	613
555	719
868	950
541	555
73	975
885	890
568	954
683	904
320	852
342	611
567	958
741	845
947	950
570	963
79	911
65	976
711	858
339	986
479	966
135	927
245	570
312	560
281	981
759	791
533	973
701	786
829	971
667	909
845	915
60	874
743	904
924	979
65	989
836	866
627	958
720	920
30	473
958	977
328	810
488	799
259	976
840	958
551	855
201	971
330	627
817	974
13	920
283	515
789	912
118	707
761	813
747	915
255	978
525	802
692	979
315	992
833	918
847	853
893	969
612	690
273	995
528	992
657	877
930	972
696	805
541	931
434	805
816	870
847	974
15	592
192	225
446	815
740	767
812	872
96	702
349	882
302	770
830	926
608	813
976	980
76	952
117	990
516	995
216	703
49	297
50	936
702	862
302	891
663	870
649	706
816	883
492	759
337	885
670	765
675	880
614	870
110	842
853	886
839	988
737	940
360	724
828	829
728	891
681	816
786	832
290	665
684	821
408	886
208	303
807	891
793	993
397	993
760	816
11	957
971	999
800	888
233	252
818	942
496	891
702	996
554	832
853	899
572	886
630	827
456	674
679	948
612	958
832	961
255	657
563	773
950	953
213	660
466	840
908	956
994	996
586	905
556	999
850	951
371	724
422	955
263	373
232	794
223	974
106	160
446	494
396	902
473	856
868	897
491	910
343	783
169	859
378	969
410	921
33	971
845	849
368	961
220	797
187	620
674	738
352	687
329	969
76	523
241	856
245	975
708	736
171	797
460	671
801	964
754	852
859	905
592	790
817	908
186	287
199	980
340	690
317	972
336	985
465	870
45	284
294	988
316	747
335	760
481	585
546	980
847	908
370	983
731	962
565	929
188	225
143	940
243	649
238	985
833	865
544	762
175	636
488	867
615	642
358	757
302	825
66	585
425	932
506	591
492	693
180	872
758	812
818	863
133	760
823	978
565	942
666	994
881	919
770	822
811	823
85	719
429	529
728	825
915	917
717	932
524	766
343	462
735	986
936	976
559	989
430	875
490	889
503	828
916	997
682	830
527	956
828	884
781	809
547	642
645	948
483	886
524	658
510	760
785	928
697	815
807	946
724	948
880	936
33	771
621	941
43	964
445	715
698	932
642	1000
427	846
572	941
691	892
369	841
718	995
811	957
588	656
271	720
739	825
848	997
889	998
922	946
806	1000
443	948
14	505
198	851
43	977
373	852
404	956
799	960
26	744
917	952
424	790
878	960
556	946
602	833
275	438
555	721
151	631
734	952
73	977
632	675
852	944
375	790
149	972
787	963
616	852
5	927
46	965
445	970
882	971
11	449
257	919
766	796
764	952
623	976
455	611
634	842
713	906
625	793
391	626
55	640
179	972
110	347
349	858
891	912
514	962
970	976
94	339
569	632
935	955
491	978
291	624
282	804
194	691
273	984
447	908
562	858
870	974
565	863
88	975
303	863
327	991
220	865
844	958
440	868
949	974
384	973
310	758
492	506
617	915
345	981
689	791
245	814
803	812
352	876
522	799
830	915
747	917
406	587
511	640
791	923
142	514
548	936
482	582
551	978
726	979
812	982
154	753
305	922
888	977
24	414
469	764
923	971
565	997
413	869
894	913
663	751
434	699
117	992
48	892
612	934
459	463
953	998
661	826
807	880
204	587
531	753
911	974
742	936
649	708
816	885
84	936
122	962
607	711
175	825
684	702
326	994
105	766
251	820
254	300
839	990
319	954
809	818
800	998
538	998
712	885
1	793
104	248
334	939
876	993
788	880
588	711
211	724
156	788
20	375
98	968
55	103
896	948
593	947
362	785
744	850
568	890
994	998
672	947
713	719
322	834
809	952
748	942
841	904
744	971
57	270
315	794
697	896
135	863
603	968
938	958
79	968
430	488
561	971
877	948
242	437
734	899
412	848
794	950
21	963
155	963
177	981
218	753
653	910
630	963
275	735
844	892
51	761
109	968
604	910
392	502
683	974
277	286
428	684
345	915
317	853
592	792
14	815
671	856
121	389
30	530
851	908
592	684
182	520
252	993
140	523
481	587
486	931
608	628
701	856
444	934
884	977
128	405
202	354
284	918
358	867
699	931
261	934
944	964
159	923
775	926
222	942
304	752
772	857
648	821
413	924
246	518
416	929
388	867
228	649
393	982
467	931
663	806
310	947
948	975
24	590
153	1000
601	867
219	950
470	532
962	994
203	713
879	996
164	196
821	991
936	978
499	940
110	899
807	827
213	354
163	762
834	930
658	704
737	997
448	894
406	897
772	991
307	891
670	714
788	935
573	781
559	883
705	937
214	848
630	763
253	776
542	650
706	758
362	719
477	669
241	658
503	843
938	1000
36	145
63	773
274	956
568	945
642	894
843	884
366	959
581	884
72	512
655	833
149	961
889	1000
713	774
792	838
570	725
341	902
883	956
621	956
780	949
618	658
227	736
287	787
122	225
237	966
719	969
878	962
919	1000
51	924
789	890
271	964
852	946
389	956
604	844
392	436
84	91
442	553
842	901
270	446
113	728
280	905
729	731
49	743
343	961
549	800
125	967
755	905
507	803
565	744
611	860
616	975
674	916
407	572
852	959
893	960
623	870
590	693
323	578
768	965
583	919
528	983
646	975
200	400
346	454
939	968
717	855
125	980
328	814
543	739
259	980
73	295
155	334
231	881
854	860
188	632
4	811
854	981
647	917
564	919
168	653
797	861
200	642
365	938
332	761
263	927
511	763
557	879
562	994
763	984
721	987
127	773
858	992
913	928
696	930
434	930
916	933
415	651
489	637
874	936
612	707
832	939
812	997
85	897
589	696
525	940
98	607
101	841
269	425
389	527
922	990
705	992
727	751
839	992
181	726
704	767
809	820
739	990
540	780
834	998
892	939
43	913
464	943
610	997
257	842
885	936
339	911
774	839
176	890
377	385
387	844
160	387
211	847
376	951
311	970
364	796
653	670
746	898
643	891
808	958
348	973
43	337
424	968
878	909
919	947
500	963
379	444
62	737
787	912
762	855
398	807
384	909
623	925
645	684
474	802
335	872
678	982
488	858
823	848
97	707
99	753
789	971
333	691
830	972
747	974
654	746
659	861
967	977
906	967
309	748
562	928
900	923
233	874
407	761
324	992
636	998
629	810
596	633
55	952
237	700
757	995
435	944
27	890
784	869
536	767
319	998
830	985
828	875
833	990
392	988
198	479
800	813
464	864
469	942
925	993
647	985
243	895
922	924
883	932
33	533
346	993
454	526
700	996
786	999
13	295
557	947
779	996
94	893
190	601
566	888
5	326
276	826
357	485
293	958
169	434
477	550
862	886
765	953
811	840
341	662
423	960
216	896
637	889
771	889
265	788
581	765
850	889
313	950
192	660
670	958
764	822
246	896
769	937
755	773
600	899
345	609
283	963
383	901
382	676
239	856
22	104
519	910
665	964
362	963
7	735
356	623
120	383
259	956
97	628
396	961
789	892
114	982
711	972
348	920
466	912
507	913
70	912
204	912
553	800
680	841
69	687
308	969
148	751
145	682
269	977
613	787
403	977
521	969
736	857
125	740
680	962
840	951
859	964
270	569
872	903
113	851
71	625
833	911
365	577
444	870
433	977
235	467
823	903
465	929
523	870
528	985
132	985
743	910
839	847
844	962
352	988
646	977
272	736
879	919
510	793
92	805
592	862
314	588
2	996
126	537
401	513
733	986
203	757
122	832
791	927
285	301
108	870
578	819
779	809
886	935
687	991
888	981
681	917
645	994
846	984
617	932
362	642
496	871
501	986
545	763
839	981
27	837
421	993
173	891
429	817
608	819
379	996
976	986
874	938
230	873
612	938
505	812
918	981
730	930
177	717
605	935
264	605
952	979
66	886
346	940
365	953
700	943
464	932
482	949
614	876
374	894
698	991
739	992
794	928
596	943
829	885
366	895
3	843
397	999
75	948
162	836
864	879
422	948
986	990
72	798
134	252
227	443
42	892
424	957
364	677
586	790
603	959
947	998
78	91
336	615
778	960
303	438
602	1000
657	670
808	839
266	556
753	903
899	957
852	882
403	790
871	895
898	998
442	718
683	844
507	618
104	615
169	973
329	962
766	963
926	952
386	449
465	742
358	616
437	909
578	619
8	503
528	798
877	952
701	726
305	726
95	916
164	521
282	742
631	896
529	619
671	968
905	906
393	960
541	858
849	974
38	503
866	914
370	747
865	955
361	927
306	991
736	804
708	971
534	855
479	919
625	973
638	912
657	925
784	966
58	108
421	914
539	906
85	470
632	868
136	930
620	750
754	979
229	865
523	817
435	933
421	806
154	691
622	796
412	986
888	915
731	968
227	940
464	624
837	869
68	129
624	990
756	917
580	920
728	818
356	946
617	987
777	976
818	977
240	1000
518	981
559	982
485	804
913	985
173	946
715	1000
195	476
809	864
368	633
392	990
48	951
689	984
596	756
367	933
749	998
666	1000
545	939
760	864
366	479
388	992
468	692
280	641
354	590
63	643
515	952
540	716
345	477
591	947
806	872
603	772
489	936
828	890
855	993
681	877
156	726
505	880
348	896
408	947
513	1000
3	898
237	836
672	993
223	901
820	891
176	826
864	934
883	947
616	832
748	759
579	950
760	998
80	973
415	963
126	860
748	880
426	829
431	907
408	960
711	732
764	824
549	670
628	963
442	544
273	506
646	953
150	557
263	434
218	691
42	960
479	732
859	953
518	660
528	853
951	956
674	907
173	625
329	909
865	889
464	545
400	789
221	329
787	969
430	668
738	784
743	899
151	987
803	913
574	861
715	800
958	972
562	972
562	743
923	951
386	746
518	673
652	902
638	967
757	918
407	805
24	515
222	759
37	979
413	741
251	679
316	579
710	735
90	990
398	877
527	762
351	802
860	908
483	692
106	705
183	400
821	916
661	698
160	941
638	980
724	983
751	857
352	882
682	757
613	923
915	965
717	980
906	916
928	934
399	819
705	862
545	644
278	529
195	531
828	932
409	985
846	986
166	998
904	927
964	978
802	916
243	952
922	981
672	806
839	983
214	665
401	757
131	896
346	821
709	873
781	978
827	865
343	752
477	486
573	719
760	811
971	994
864	868
186	953
129	419
464	934
247	411
142	883
390	719
846	999
885	927
307	950
744	951
568	991
922	994
311	840
209	829
584	706
718	935
520	950
594	899
940	984
832	956
202	789
18	968
21	714
274	665
86	843
480	999
366	897
892	943
952	994
993	995
299	843
533	781
769	994
903	957
774	843
391	553
597	887
500	725
692	895
315	908
771	959
871	897
177	974
595	733
889	951
451	725
10	982
252	744
384	900
122	634
139	574
328	510
861	973
900	901
330	785
710	777
51	875
266	800
701	957
775	906
85	459
921	960
21	969
324	741
38	384
458	970
296	679
213	910
199	975
680	790
353	395
74	980
757	973
872	960
113	908
421	795
536	745
863	911
541	860
627	900
849	976
546	975
57	747
599	801
766	978
7	926
967	968
516	803
837	858
928	976
963	970
458	983
136	932
82	174
763	801
243	994
611	932
275	983
913	974
729	924
489	683
814	968
888	917
967	981
818	858
185	945
96	873
8	760
402	879
203	935
203	706
1	720
832	877
54	583
807	820
344	830
330	932
347	576
80	720
897	979
11	886
814	981
791	997
271	473
615	1000
730	987
362	591
403	592
306	659
153	188
880	931
809	987
575	820
943	987
65	718
459	874
712	825
183	710
725	764
18	902
496	941
697	931
12	828
342	474
158	653
297	997
259	476
168	846
214	962
195	720
575	941
286	838
597	700
855	995
748	869
510	997
274	720
475	481
545	954
484	944
396	831
965	988
968	993
172	793
554	895
190	847
878	955
415	965
17	138
257	793
351	657
263	544
783	839
543	598
686	906
240	560
331	678
537	554
108	377
354	847
68	978
835	891
687	727
866	958
577	855
278	973
37	618
331	570
859	955
437	966
69	570
456	979
652	891
95	973
38	439
411	684
842	907
745	974
151	989
522	673
508	738
866	971
414	847
144	986
666	802
652	904
798	958
858	972
159	971
622	732
178	984
830	910
668	848
250	860
847	850
893	966
134	914
46	47
170	342
538	738
386	869
9	919
721	859
826	912
622	853
949	982
250	981
439	917
907	985
700	921
409	974
824	987
879	923
502	936
763	977
416	869
798	971
402	705
536	934
214	654
976	977
468	507
594	646
814	915
46	289
593	687
906	918
92	930
504	874
374	993
737	816
71	992
828	934
860	923
920	937
1	896
684	926
109	466
59	874
642	929
716	878
485	982
542	698
781	980
192	585
739	983
772	931
458	475
788	875
793	990
77	783
471	939
479	534
84	944
841	886
753	773
338	531
306	727
619	958
746	999
56	552
135	845
498	668
625	709
437	658
776	878
982	983
662	776
734	881
868	881
21	716
389	883
771	948
581	824
727	878
746	891
570	894
27	386
926	943
563	891
114	799
375	840
254	550
584	950
732	848
79	963
150	843
692	897
567	902
166	558
933	959
432	677
759	843
330	666
729	900
844	887
285	923
636	857
488	730
823	949
400	617
418	900
74	861
877	956
89	166
701	959
720	972
539	897
833	849
678	975
184	440
838	964
359	966
340	687
9	853
518	959
148	931
812	911
724	798
668	903
250	915
847	905
654	739
313	446
906	960
92	972
507	985
636	870
400	859
446	975
231	821
215	813
803	983
388	741
742	973
379	921
816	922
566	747
98	413
356	937
34	923
115	582
626	798
629	803
474	929
193	421
58	462
449	872
335	999
319	991
797	801
131	940
728	930
401	572
249	703
152	770
193	771
482	645
485	916
578	878
490	765
691	755
25	931
374	819
761	999
478	876
698	916
806	863
131	953
910	920
874	997
464	870
684	873
596	989
730	989
568	927
12	709
399	889
608	999
682	948
542	645
506	722
454	532
459	876
800	940
987	995
26	728
755	874
347	820
58	717
479	710
102	494
938	995
468	817
363	535
676	995
709	943
294	664
762	769
137	717
44	489
505	884
785	938
871	941
310	379
843	879
672	997
56	728
765	959
61	843
685	936
432	490
284	363
542	887
883	951
248	440
799	957
100	956
494	846
554	897
396	954
336	674
919	995
179	956
877	998
354	728
789	885
555	718
546	898
90	618
439	772
274	964
623	852
144	854
165	913
747	780
898	949
433	849
657	971
742	786
527	632
654	673
659	788
736	971
4	564
592	734
550	737
481	866
522	904
613	793
361	986
782	979
942	968
518	906
798	960
729	860
668	850
2	989
635	673
272	621
296	978
599	750
733	979
356	992
142	511
455	971
610	616
839	853
247	978
503	638
508	982
425	984
805	976
340	876
104	111
818	915
923	968
386	992
64	941
441	699
638	984
677	912
44	999
816	990
976	979
814	917
800	982
258	699
874	931
953	995
615	936
697	746
609	633
624	941
811	996
723	920
360	831
280	579
450	761
785	980
183	417
491	533
802	920
17	879
559	933
779	936
383	936
746	759
897	928
630	813
360	723
676	700
459	931
260	721
158	710
746	880
228	954
355	995
52	957
809	936
229	361
93	729
368	934
244	898
868	991
871	996
475	767
771	829
683	716
922	998
378	834
443	1000
360	965
836	894
588	829
662	778
519	729
16	603
857	953
12	898
683	837
993	999
126	919
371	952
882	902
577	791
134	487
452	796
331	735
281	914
611	789
757	843
280	955
531	537
541	730
379	668
458	961
53	912
247	899
99	506
481	571
379	789
346	612
750	961
796	848
262	914
638	676
641	910
173	576
541	743
62	745
180	966
309	851
207	574
231	931
432	921
471	620
891	977
569	926
393	966
30	877
530	971
409	910
340	810
436	518
9	976
446	977
928	980
647	738
289	993
289	764
476	856
206	995
803	985
962	978
197	357
735	972
854	923
135	418
66	584
527	942
695	755
818	862
240	885
128	415
950	981
962	991
280	405
101	891
385	421
505	752
918	921
725	755
790	884
251	872
520	996
957	997
728	945
192	413
68	606
744	889
45	888
174	773
64	901
820	884
231	260
286	950
360	899
809	991
676	876
487	711
795	827
244	953
170	775
519	663
618	642
141	717
655	709
980	994
135	902
699	715
112	955
147	912
188	950
320	840
232	956
567	946
534	769
873	989
643	941
660	881
706	997
40	907
26	972
174	907
81	679
711	846
361	962
278	964
415	969
564	769
354	959
836	962
412	900
159	491
546	900
711	967
26	864
884	895
190	972
88	961
19	861
41	620
657	852
522	664
613	782
131	513
678	911
736	852
648	739
147	228
657	973
674	913
715	914
305	787
558	967
631	957
78	515
372	733
388	677
120	862
67	218
900	973
270	806
289	819
416	860
127	757
539	967
24	521
497	970
566	575
700	804
78	986
105	631
666	927
531	968
946	981
949	986
448	704
423	876
4	929
17	868
256	884
724	989
204	465
223	478
497	983
194	945
68	540
384	517
246	812
110	951
581	802
526	866
848	917
355	984
911	973
492	989
230	989
552	774
323	951
461	592
655	872
347	527
897	930
797	992
387	828
662	767
335	372
417	936
59	999
697	761
92	358
209	943
479	767
691	946
556	987
709	1000
327	669
822	877
393	471
609	769
306	960
409	415
139	554
400	595
938	944
148	788
418	420
752	939
475	890
771	952
12	900
218	739
553	958
680	770
759	834
643	888
495	724
780	893
217	487
348	970
337	552
411	501
865	937
433	785
245	963
372	775
9	723
840	880
845	958
132	793
569	794
398	912
81	976
678	966
392	609
103	627
590	974
39	871
125	911
152	748
606	955
298	573
858	910
481	923
167	504
659	966
277	635
221	740
276	447
312	858
215	925
113	914
383	509
520	743
291	920
189	643
82	517
409	683
271	453
564	971
545	692
341	633
668	799
761	990
943	967
510	856
288	514
936	964
7	235
573	875
559	977
360	767
869	910
395	990
235	772
238	518
691	988
943	980
700	993
832	883
188	818
4	997
876	926
628	824
256	952
894	980
451	639
489	931
850	873
258	998
390	888
785	929
81	547
120	246
672	988
209	998
806	988
883	942
561	891
299	662
901	996
857	889
581	991
176	942
792	945
60	730
349	604
63	772
472	940
706	878
403	840
389	942
2	267
172	907
208	601
493	770
88	950
905	943
426	945
211	791
522	653
835	884
434	540
796	892
378	904
364	969
713	894
336	907
451	894
164	800
175	437
235	451
87	324
59	491
187	676
266	969
500	907
197	869
238	907
217	784
866	964
764	953
824	967
708	792
699	972
437	972
127	746
761	803
365	803
342	856
851	962
629	849
18	695
307	569
726	967
149	397
481	870
71	972
761	924
527	757
847	964
444	988
735	908
430	797
600	683
738	913
219	991
415	637
580	970
626	857
934	973
827	847
557	986
717	975
66	641
360	822
709	976
248	352
828	927
239	532
920	930
376	803
598	879
524	701
353	819
721	986
36	883
397	862
619	938
572	863
816	994
272	867
313	639
772	924
119	773
769	855
848	919
457	997
672	922
302	894
658	758
374	999
792	987
704	874
778	823
234	696
561	825
929	992
354	532
194	250
405	699
93	841
776	871
98	956
693	873
940	979
292	943
595	715
397	996
240	487
572	997
350	884
746	884
470	949
243	263
776	992
244	902
767	943
885	935
744	959
986	987
609	1000
783	887
315	553
796	826
77	910
428	430
741	890
418	422
458	723
62	723
838	944
650	893
810	882
708	834
161	207
474	667
873	938
430	597
327	913
426	892
333	664
541	613
595	849
574	911
539	890
668	775
631	893
870	909
516	798
226	965
821	845
666	971
187	973
11	747
219	925
714	904
534	973
666	863
652	965
738	968
399	519
471	624
32	991
522	855
35	996
907	925
48	935
120	811
128	635
166	927
298	817
559	858
867	974
760	848
471	745
228	987
902	968
901	972
15	879
32	294
515	936
193	885
482	759
894	969
8	876
402	995
746	805
517	753
121	753
401	807
575	694
29	935
160	186
693	915
610	917
408	702
802	858
265	882
811	826
695	880
371	756
679	872
276	933
45	1000
568	812
628	826
977	980
153	304
366	826
719	944
572	931
773	921
195	944
776	926
392	1000
274	944
950	998
843	872
327	955
850	996
984	996
695	893
514	818
371	998
574	832
734	821
1	970
885	990
838	878
301	939
7	492
212	601
454	888
160	441
549	896
70	898
345	837
597	829
542	893
13	778
285	971
333	490
143	743
74	909
234	898
531	596
440	966
935	945
90	853
250	842
819	999
810	950
548	913
675	725
138	786
229	675
449	907
863	961
541	910
599	622
860	892
626	725
772	779
939	956
303	974
490	571
99	915
520	679
217	678
703	800
890	892
55	764
305	912
324	925
599	864
626	967
659	915
879	918
276	854
617	918
501	972
582	631
242	977
145	815
341	461
937	980
188	862
474	990
744	814
749	929
482	814
17	751
688	690
171	400
102	300
681	916
744	935
904	924
964	975
427	999
983	988
683	696
22	950
237	875
89	711
691	816
622	982
547	808
855	924
874	937
693	862
450	875
395	939
697	752
688	932
889	922
512	935
460	516
503	886
575	991
33	708
556	749
198	775
827	983
813	819
577	771
114	781
637	822
576	583
185	432
630	819
813	940
68	786
178	429
852	868
403	776
463	827
34	650
287	601
311	958
387	953
762	830
767	945
574	779
560	881
338	768
701	820
954	1000
257	843
200	309
329	948
945	951
231	790
14	792
74	843
19	907
280	948
555	887
123	964
646	776
838	946
72	918
249	322
840	992
212	669
583	841
473	969
338	781
687	898
236	733
782	906
708	728
583	962
220	910
233	849
775	903
525	728
386	798
726	903
32	980
393	959
508	680
103	631
906	955
777	841
469	688
823	957
738	849
522	965
696	852
305	967
761	981
703	976
156	349
376	618
837	976
157	988
702	788
110	876
325	801
707	866
932	984
457	462
236	988
888	914
538	801
707	987
575	804
286	701
365	994
129	229
695	869
103	994
524	758
904	979
59	924
790	877
70	524
792	923
300	986
319	999
737	758
396	465
709	925
463	869
507	646
452	710
801	864
383	876
517	876
663	930
608	994
616	818
294	538
404	935
288	989
217	291
771	877
279	940
582	712
573	892
172	548
77	954
158	650
788	817
534	641
47	782
300	999
776	928
676	990
593	992
63	763
637	998
623	834
972	988
31	959
282	541
350	941
373	844
459	884
70	779
433	602
875	947
768	821
584	1000
262	949
336	898
680	708
616	952
251	302
776	941
541	549
650	950
562	837
400	546
479	839
23	559
465	675
685	944
803	899
756	824
338	836
632	788
563	954
222	624
414	831
891	904
951	955
421	726
577	973
613	667
733	961
226	901
381	509
95	152
391	968
927	948
523	858
275	793
624	681
659	904
722	960
837	910
689	783
419	922
587	735
358	912
96	912
652	901
60	989
130	267
715	920
756	958
272	845
398	984
851	966
854	971
661	805
740	869
287	335
564	909
173	987
737	800
423	869
560	615
105	745
50	809
793	853
705	969
853	867
71	868
781	964
800	977
373	415
6	887
436	700
656	969
441	815
320	754
793	974
435	1000
591	988
811	991
797	864
828	931
382	585
929	983
258	815
626	982
712	985
679	808
785	975
288	694
174	821
241	353
614	864
306	711
181	716
520	936
456	655
189	836
832	942
959	983
711	881
716	996
688	934
438	988
603	826
952	980
709	993
850	932
294	714
929	996
767	934
610	987
444	658
380	939
466	942
741	881
267	998
864	988
401	998
456	897
602	988
877	927
643	760
896	940
868	878
183	775
783	999
857	948
755	937
175	362
567	886
23	493
625	827
933	943
33	952
281	788
685	878
993	994
850	945
165	842
225	893
882	897
627	644
145	604
780	886
169	732
741	894
70	726
498	907
82	965
838	948
375	958
645	782
857	961
763	774
185	797
294	969
8	383
674	961
431	974
546	961
131	682
766	964
865	943
708	730
246	376
14	807
775	905
668	779
617	962
328	859
221	733
143	813
380	497
182	741
714	787
10	405
326	907
92	740
909	962
928	975
694	808
325	682
96	859
682	919
434	854
508	803
525	972
240	988
78	926
105	800
297	970
696	975
869	903
656	795
513	975
45	641
278	583
806	968
589	970
723	970
709	806
406	768
205	980
482	763
399	994
853	935
94	883
245	527
765	822
354	699
813	984
252	422
288	870
100	819
353	999
582	822
862	876
889	979
908	992
586	941
746	930
892	984
429	994
561	884
258	883
244	948
478	886
901	989
684	991
780	928
463	992
790	892
499	945
581	984
488	527
961	976
820	1000
97	376
910	930
225	827
679	997
271	943
407	538
899	1000
472	704
114	959
577	720
670	948
223	902
438	827
424	892
713	995
597	820
537	540
561	897
984	1000
373	846
118	556
477	903
678	893
576	653
741	949
732	900
119	148
220	954
660	997
794	997
357	959
766	898
115	150
180	545
185	852
460	828
4	548
743	887
426	951
352	736
34	841
156	272
328	793
782	963
312	785
639	951
143	747
564	777
729	844
38	438
530	900
571	672
824	852
851	955
629	842
273	978
488	903
59	726
394	450
349	973
118	811
269	980
318	842
879	909
617	909
636	922
124	976
740	979
413	621
172	229
757	919
710	844
569	868
641	973
654	912
714	963
566	799
712	853
120	978
557	750
736	981
937	971
573	694
481	876
195	519
112	750
318	855
543	973
598	872
615	812
656	850
205	914
403	404
964	966
438	627
443	971
811	872
797	974
57	935
2	999
29	873
478	928
187	227
422	804
895	987
81	245
36	997
394	705
853	990
359	455
443	863
28	355
630	689
723	917
437	523
640	882
450	987
758	874
885	915
785	977
207	1000
238	350
904	928
477	595
765	998
165	710
767	815
500	700
458	703
711	883
494	885
655	988
56	659
873	918
952	982
882	886
679	823
697	877
296	533
567	767
639	872
603	949
253	836
431	842
590	606
870	889
856	991
171	888
993	996
690	958
68	911
780	888
733	776
204	957
264	971
644	963
45	146
358	606
583	953
745	786
266	788
352	791
789	829
577	909
833	835
87	493
284	778
812	897
388	606
300	493
833	956
604	904
20	853
125	906
513	722
284	899
358	619
344	684
146	965
508	792
921	961
136	920
427	574
284	791
377	982
513	614
677	722
508	913
184	789
351	966
654	738
464	614
648	923
928	977
821	851
807	916
624	980
742	972
520	630
758	916
749	867
568	792
241	397
647	856
913	975
556	674
453	990
869	905
673	993
827	908
459	512
739	795
367	923
749	988
526	916
705	918
589	972
350	461
663	921
406	770
390	762
426	456
560	685
813	865
381	942
119	942
802	972
353	880
480	921
521	693
572	924
792	927
520	993
186	888
74	418
547	867
748	857
593	983
767	870
753	935
376	985
832	999
260	773
301	811
427	950
950	991
688	991
551	693
864	924
671	758
60	604
445	940
321	416
357	827
238	647
961	978
484	824
630	878
63	996
192	881
431	897
425	594
912	941
829	943
889	994
975	997
190	956
391	717
630	999
831	989
105	131
327	961
583	887
905	938
965	989
16	776
706	994
202	966
766	779
617	656
278	961
460	938
634	825
859	943
960	995
616	956
831	881
789	884
388	540
384	835
122	798
768	946
331	908
97	741
680	833
647	656
308	961
528	964
687	957
120	617
534	900
293	508
729	846
252	921
16	910
296	964
254	967
142	497
395	677
23	805
661	796
270	911
550	965
911	944
536	801
467	967
543	962
730	788
578	919
462	973
833	916
827	842
244	521
409	854
717	970
436	691
298	986
716	745
532	924
927	965
705	852
550	978
286	868
406	933
621	858
920	925
491	519
568	739
457	871
880	974
420	989
621	979
299	699
827	855
247	280
510	919
147	830
381	768
716	987
895	989
688	925
707	938
139	417
311	938
853	992
355	752
709	984
201	514
621	871
581	920
801	923
130	755
880	987
561	941
621	992
137	879
191	886
447	812
889	928
14	664
234	933
267	881
10	959
170	948
693	989
151	669
954	993
197	785
150	710
864	992
382	952
646	998
109	830
530	823
411	606
84	248
208	543
175	366
829	890
226	826
18	382
405	828
732	957
873	933
532	603
993	998
541	837
571	716
432	786
644	965
31	213
456	914
844	996
775	896
814	824
571	837
196	667
932	964
233	734
448	622
715	737
571	729
34	790
65	103
268	920
221	845
326	898
666	966
826	955
900	904
504	904
798	893
641	909
178	919
164	984
816	910
282	976
395	853
610	778
684	727
818	956
4	968
419	981
212	917
427	805
292	617
228	861
173	925
76	992
673	982
404	794
235	756
152	987
312	976
513	966
702	902
246	393
72	469
825	972
420	923
800	915
304	977
552	813
323	990
593	851
221	979
785	792
154	925
916	982
809	856
626	920
772	974
661	877
260	533
807	931
908	983
691	985
364	590
167	985
336	528
410	477
778	873
602	913
676	862
399	998
600	988
760	977
89	772
297	987
875	927
718	980
938	983
5	549
887	937
665	824
558	698
596	990
582	826
232	942
829	932
89	893
801	870
383	882
873	975
244	952
808	994
660	867
109	993
835	868
582	947
153	770
139	377
961	980
584	993
9	533
685	816
308	829
877	986
271	947
871	942
764	816
222	496
824	830
350	947
873	988
519	904
865	989
230	478
521	950
102	966
840	932
877	999
789	886
734	950
90	619
654	661
81	799
442	778
254	956
777	997
870	959
854	951
441	553
743	891
321	902
135	217
761	908
398	856
79	322
824	964
180	899
763	954
942	956
83	966
532	792
96	905
311	564
673	916
893	956
731	894
137	384
598	742
851	959
78	743
869	949
888	962
483	913
502	926
821	908
191	741
647	792
705	962
158	335
894	898
402	924
770	862
589	787
420	978
453	926
654	916
332	865
800	970
258	687
239	408
318	738
698	959
918	962
59	743
293	644
848	903
369	639
429	690
608	921
869	962
82	811
323	937
651	739
614	857
521	629
512	809
686	696
704	750
24	991
676	917
841	984
101	945
612	932
753	871
609	863
494	647
194	355
834	981
751	983
468	631
110	132
929	989
753	992
188	991
169	712
563	639
62	357
650	756
309	463
820	938
966	992
138	352
878	879
470	825
877	920
390	832
799	1000
477	949
315	658
480	991
755	930
634	640
787	882
501	525
892	935
611	656
951	990
63	824
574	774
99	252
766	944
945	946
595	833
129	774
836	895
247	766
269	784
19	84
34	887
664	825
669	903
548	842
708	831
419	728
713	946
854	885
96	718
344	554
426	889
425	893
525	602
664	946
884	949
925	950
37	784
565	903
449	957
476	831
13	841
641	898
439	949
253	264
640	673
120	903
171	905
372	895
914	949
265	503
770	904
94	392
481	801
673	971
29	677
698	772
428	911
758	786
95	213
243	865
721	904
504	906
416	793
784	960
944	949
603	619
503	681
640	686
612	853
133	855
35	54
224	973
427	807
895	912
399	745
605	850
242	798
99	978
536	750
198	691
249	922
409	911
50	978
807	920
182	868
199	283
259	334
80	591
737	861
635	850
203	927
681	966
786	982
192	509
389	794
193	882
672	853
591	928
332	933
41	232
781	796
785	915
890	968
582	815
554	982
339	828
672	745
572	807
806	974
649	990
542	864
943	979
547	979
373	826
46	468
560	918
371	753
505	982
524	995
725	985
40	882
236	299
342	466
130	812
980	982
732	880
410	600
234	869
649	882
93	664
220	705
473	885
82	1000
794	977
799	826
752	980
222	485
67	648
741	821
892	990
331	428
831	980
808	996
766	770
650	824
655	939
449	770
253	895
817	937
583	770
51	909
508	596
810	934
273	958
634	708
364	847
905	942
671	775
495	778
49	957
646	947
458	896
62	896
26	973
777	878
133	547
294	909
495	899
168	504
333	837
71	837
525	778
692	955
819	996
166	845
768	950
675	722
28	911
611	966
215	966
633	725
845	904
27	915
583	904
930	948
654	784
939	953
629	727
432	856
793	835
11	799
83	150
814	894
184	727
547	550
934	959
34	968
15	689
851	961
937	964
675	964
793	956
25	855
179	504
781	838
511	977
337	861
323	926
651	728
224	920
740	985
99	925
498	634
781	959
184	740
693	846
596	913
279	977
359	448
125	281
223	816
149	638
85	882
869	964
459	800
82	813
637	806
545	988
350	749
591	875
200	990
778	930
864	970
940	965
183	757
917	981
769	854
442	459
342	521
521	752
225	875
385	827
524	942
466	937
47	953
69	483
79	942
877	922
168	196
585	750
480	993
554	942
810	868
468	875
550	648
49	891
609	999
562	887
101	263
378	837
551	994
606	701
762	948
836	897
385	961
863	1000
398	671
766	838
898	994
37	894
4	488
710	879
151	915
169	969
296	781
543	887
307	381
5	982
641	900
346	723
511	790
879	957
208	789
199	969
796	959
837	960
474	908
455	666
23	972
138	959
441	731
372	897
377	975
666	849
270	849
812	903
233	967
715	970
291	908
365	857
814	949
681	834
714	782
805	900
689	954
59	787
909	957
802	831
614	780
374	798
164	988
167	734
281	341
943	955
860	957
373	573
832	858
376	615
735	962
191	798
633	914
163	736
517	968
470	627
520	744
828	860
194	988
73	698
909	970
702	906
556	788
420	927
901	971
412	514
207	819
119	935
205	975
697	912
182	991
834	917
350	804
121	981
6	11
195	930
212	345
575	922
654	986
101	773
739	801
783	807
628	933
688	984
671	751
924	931
514	804
169	769
155	871
577	594
425	466
246	989
320	938
857	877
540	941
534	638
317	640
393	635
857	998
301	817
576	756
741	823
787	939
553	772
498	836
850	995
588	995
748	984
440	831
665	949
272	466
692	823
67	1000
549	774
631	813
857	890
898	928
323	431
539	702
296	944
549	895
282	551
20	780
273	960
829	949
611	726
344	611
196	484
247	944
247	715
411	786
939	942
304	431
782	958
201	949
638	950
775	955
76	917
893	947
543	834
367	608
191	382
779	781
27	917
316	791
145	909
310	976
425	963
87	675
18	804
501	958
212	855
881	950
438	609
204	442
118	927
333	852
165	221
645	858
918	953
441	799
320	509
886	920
608	912
860	904
557	866
818	907
279	858
790	808
535	555
485	963
25	978
649	805
327	754
93	587
184	971
748	784
767	797
557	987
161	987
684	799
785	851
202	530
348	813
908	921
278	754
704	862
869	966
29	989
115	992
734	741
846	982
887	983
802	912
658	867
584	689
695	934
607	821
68	772
128	823
670	877
320	993
535	918
237	995
366	880
581	805
873	913
262	759
107	885
795	993
762	816
579	880
472	754
670	998
389	985
329	705
623	657
144	888
309	467
484	993
215	310
299	947
233	593
49	772
486	773
632	827
604	765
549	829
497	639
783	996
336	950
317	708
432	658
473	955
338	996
407	601
954	999
852	988
926	937
530	937
166	660
534	827
212	776
644	958
69	727
231	910
465	848
50	606
932	957
176	193
90	907
544	848
714	771
342	899
516	786
548	738
331	969
209	491
304	499
598	680
157	974
160	979
784	843
236	974
907	913
626	900
538	787
304	620
548	980
804	906
441	854
587	908
237	795
397	784
471	733
605	962
584	610
126	469
411	867
920	973
142	679
904	965
269	454
279	913
955	967
760	957
605	854
737	973
374	921
313	682
827	903
500	508
390	636
123	521
931	960
807	924
227	349
707	986
567	683
168	937
517	862
80	824
484	685
448	991
286	929
468	677
406	765
656	913
642	978
193	886
91	875
595	637
540	701
115	939
189	888
679	981
73	942
744	881
563	806
353	996
177	770
727	914
465	648
503	940
822	922
371	986
662	704
156	832
123	655
21	644
582	940
444	481
53	596
979	990
836	941
899	997
577	717
595	1000
189	312
669	949
249	363
810	925
975	992
345	825
694	713
322	878
671	995
863	936
968	989
706	989
835	874
866	941
926	992
678	890
796	882
240	435
584	999
322	999
759	1000
528	838
555	941
849	893
434	651
296	946
189	325
653	954
946	947
13	779
627	938
217	774
310	965
673	788
866	954
227	967
587	721
840	938
421	954
453	906
387	552
516	962
211	326
505	544
510	659
763	839
735	777
325	613
378	439
99	795
44	859
29	965
127	978
536	917
517	675
641	970
61	395
448	804
915	950
538	963
593	670
340	978
97	991
50	916
952	953
80	529
30	937
547	904
744	923
35	234
427	987
941	979
420	984
506	987
580	973
635	909
800	976
404	976
423	989
560	735
288	801
496	979
769	845
461	463
15	117
834	974
691	925
704	864
285	651
188	984
357	527
885	912
378	815
443	981
93	831
602	974
98	946
607	823
271	874
417	928
959	982
692	867
136	649
384	522
678	703
917	985
499	997
540	998
287	589
493	923
727	861
639	977
680	749
368	928
523	536
588	931
734	985
302	308
477	834
637	823
871	990
829	993
273	775
856	867
405	931
842	932
875	880
878	885
468	987
385	952
646	993
981	983
618	931
810	872
199	947
493	936
270	598
761	835
866	888
544	837
673	722
731	929
845	950
335	848
858	889
720	955
618	944
253	257
258	601
497	883
764	998
516	896
423	668
819	934
932	959
16	960
590	966
906	943
703	843
345	906
909	948
928	961
920	962
675	902
614	663
710	896
635	722
874	967
948	953
271	674
161	802
312	971
331	984
353	743
886	977
39	287
190	456
66	686
101	643
276	910
510	848
40	633
38	974
272	912
728	926
552	929
786	867
290	929
813	970
615	985
35	410
730	972
769	900
429	980
52	993
126	942
229	397
179	805
795	808
607	986
206	413
901	975
579	924
118	300
123	644
945	981
348	762
334	864
347	803
452	819
713	860
746	808
718	975
88	808
919	965
327	824
795	929
720	755
178	472
596	985
384	577
972	976
83	585
606	626
625	639
308	932
864	921
542	870
270	411
303	359
165	883
905	922
924	935
579	937
100	939
141	940
24	126
903	997
796	871
815	884
961	975
773	924
157	655
33	885
243	429
762	994
528	827
643	814
113	585
63	993
588	878
660	983
762	765
896	994
300	411
417	996
439	755
577	719
829	940
570	945
630	996
234	996
745	946
738	758
196	475
803	887
476	529
835	876
580	586
134	765
824	946
750	768
856	935
653	835
220	953
516	951
791	890
870	954
474	954
111	902
1	276
689	879
914	997
113	948
844	938
949	954
990	992
277	790
387	433
865	997
290	500
501	720
193	567
443	715
770	844
71	843
38	666
833	900
170	556
557	965
791	903
648	854
587	844
124	854
325	844
289	921
8	908
30	926
828	906
267	381
610	949
417	554
255	263
622	959
319	921
290	634
482	804
58	742
793	962
600	796
435	988
591	976
712	973
593	793
846	973
739	847
472	503
191	978
177	814
344	991
559	916
941	981
443	970
200	983
630	796
487	747
156	876
206	239
651	855
563	742
320	984
655	974
553	697
295	698
778	815
253	701
5	599
137	755
40	822
871	979
241	812
475	750
535	801
526	981
774	817
586	995
653	756
966	987
181	946
93	833
36	299
85	191
697	984
67	817
442	694
686	825
660	809
753	1000
530	928
590	713
172	725
70	943
722	869
727	984
460	869
498	895
391	769
859	874
652	810
468	989
385	954
646	995
486	777
835	931
838	936
783	1000
721	765
298	433
578	716
555	998
486	898
613	939
112	428
543	880
884	944
78	780
422	590
757	839
214	560
539	882
250	779
819	936
337	896
640	668
678	960
502	963
770	899
42	197
2	798
529	958
818	832
620	847
316	850
619	622
168	686
462	904
858	904
219	917
244	681
282	973
879	963
629	788
703	737
23	978
620	968
735	955
821	958
647	842
397	896
130	323
536	974
589	837
272	901
814	955
855	956
268	930
791	971
386	922
499	799
394	517
289	989
108	914
218	291
943	961
676	846
198	578
406	756
642	969
661	982
862	972
751	912
112	925
635	966
676	738
607	867
321	510
426	563
44	232
343	794
207	933
628	926
650	685
774	980
77	823
22	887
295	982
107	931
317	512
883	923
10	998
170	987
679	864
651	802
482	993
697	918
783	921
339	944
17	930
576	628
669	819
801	975
768	798
732	875
372	569
831	854
257	996
274	936
403	821
692	695
752	975
86	885
232	939
801	867
933	986
570	934
368	985
91	182
454	759
239	834
202	952
926	983
167	177
255	815
76	318
425	472
535	869
664	754
278	947
961	977
474	593
713	875
176	936
960	981
597	929
19	952
344	483
192	880
159	703
412	883
535	990
326	816
842	881
905	937
528	950
643	937
467	940
882	953
7	955
923	927
18	555
708	773
386	722
859	942
237	370
641	948
295	311
250	834
631	940
865	878
629	830
763	830
601	768
735	997
279	488
927	938
523	848
471	658
509	950
52	445
125	960
303	966
559	663
22	687
797	949
398	974
580	951
117	961
953	967
642	782
265	795
707	911
927	951
130	607
911	943
930	956
589	663
723	892
869	946
860	897
772	784
136	277
922	957
774	793
578	918
941	970
416	856
281	631
484	502
709	849
275	328
693	841
670	857
790	922
793	964
487	857
828	921
929	973
566	921
552	986
786	924
128	924
744	927
122	355
3	929
619	932
369	986
880	973
792	860
896	917
109	574
637	922
67	806
86	819
829	863
77	999
875	979
209	926
551	626
88	636
594	996
437	524
505	924
706	914
491	760
664	688
347	981
755	806
493	806
438	870
553	820
947	976
905	979
822	981
841	994
734	868
118	599
197	663
799	997
783	989
576	925
359	927
363	817
850	935
435	656
13	704
242	298
641	761
954	992
720	825
903	946
562	653
861	949
13	825
187	712
321	941
627	984
627	755
324	946
835	933
866	1000
458	946
351	820
404	417
218	964
507	838
689	815
854	882
840	984
380	474
729	887
715	723
893	995
497	766
287	956
717	769
91	492
159	892
324	959
921	949
981	1000
139	913
414	889
142	430
157	967
757	962
127	795
300	723
392	726
290	678
867	955
27	978
484	665
167	500
387	732
266	442
502	978
505	724
455	903
596	842
628	794
485	782
578	973
402	976
508	914
635	955
248	280
561	740
253	395
249	919
436	745
312	975
656	785
325	914
471	968
719	804
567	676
841	915
304	976
32	288
799	918
147	763
224	983
375	627
399	984
894	963
512	632
451	622
570	573
748	845
612	984
285	589
293	938
241	748
475	686
429	984
748	966
404	927
786	992
159	342
362	930
463	982
945	985
394	882
466	758
567	810
121	989
671	867
546	872
183	820
486	592
752	977
659	749
463	874
771	990
433	931
366	941
774	995
102	831
451	985
657	824
762	877
863	929
445	941
725	995
405	761
734	936
775	937
35	898
221	536
317	998
248	898
316	773
440	839
948	986
865	988
502	670
823	991
705	706
261	958
355	364
558	952
117	950
654	660
731	880
684	768
276	485
886	902
523	850
509	952
457	496
930	945
467	955
772	773
161	848
562	963
702	943
531	832
420	964
580	953
