876	951
526	838
289	925
691	905
382	564
29	971
629	966
73	748
485	958
75	794
168	985
283	972
286	977
211	574
427	872
889	903
116	687
551	615
759	793
52	931
267	856
69	346
869	961
734	736
137	517
1	885
68	646
269	636
904	918
427	993
788	972
366	983
966	978
584	684
704	978
583	688
528	752
22	126
343	972
646	744
343	743
978	988
857	927
364	765
746	867
78	408
195	993
451	919
773	970
776	975
868	978
54	990
202	888
494	996
669	997
400	580
658	875
720	935
623	773
917	991
34	644
493	929
193	371
410	894
611	655
36	424
616	999
555	989
352	660
467	647
145	596
852	983
893	984
103	599
865	922
810	986
543	871
323	373
465	951
988	992
467	997
761	949
764	991
636	954
617	712
235	381
317	945
380	476
726	884
872	938
847	881
833	946
893	997
529	949
763	887
92	719
97	797
928	954
449	956
22	623
104	958
701	948
112	782
39	977
340	905
837	957
656	882
738	951
550	900
13	961
295	610
709	893
392	957
161	795
200	908
816	911
420	911
483	967
32	277
716	909
223	747
765	801
508	916
654	970
478	973
216	744
758	798
688	968
17	800
595	740
471	970
493	729
223	639
5	416
555	560
323	991
753	804
739	906
235	878
482	984
119	932
771	858
664	732
122	412
311	873
820	979
457	927
331	522
919	958
162	750
795	922
387	868
459	744
177	994
603	873
14	478
363	632
602	914
519	879
926	974
241	871
34	578
581	976
378	876
226	519
88	814
690	882
239	946
454	871
514	922
762	987
679	989
417	989
706	863
348	889
306	892
146	876
168	369
109	994
665	946
678	885
318	579
898	925
689	751
245	774
157	890
565	944
639	930
69	777
137	948
219	492
296	941
62	774
854	939
441	541
410	962
418	823
330	939
504	826
314	436
360	552
733	834
571	772
562	952
455	826
92	774
749	778
83	954
694	842
45	433
416	834
525	777
733	955
516	957
772	883
469	845
851	947
634	949
55	976
705	829
77	506
130	369
355	716
214	740
131	742
310	973
249	963
151	162
881	947
941	961
232	501
401	724
217	903
855	894
566	791
203	739
705	842
435	981
779	791
457	740
173	981
770	971
406	923
459	557
614	845
619	923
567	733
732	800
192	563
362	974
530	558
704	859
786	928
389	969
136	523
683	921
843	910
755	797
727	735
364	646
133	225
465	698
864	969
98	941
618	913
306	826
655	980
889	918
498	996
289	593
445	877
954	983
357	764
665	880
543	631
488	695
796	811
474	760
116	823
363	929
187	474
352	770
519	947
21	936
637	939
184	405
870	881
722	754
708	819
391	883
179	1000
80	203
954	996
766	945
893	986
282	832
722	875
221	593
231	786
17	534
578	830
146	944
490	717
416	539
624	717
481	897
190	196
434	593
153	839
791	830
543	765
359	944
166	778
202	435
307	488
358	719
490	838
531	647
830	943
200	776
976	997
85	560
409	886
791	951
469	671
226	950
620	840
353	725
565	904
969	994
793	997
867	946
911	989
462	897
135	502
300	835
681	712
109	486
596	604
614	887
894	941
913	954
97	102
264	279
809	833
527	918
700	846
791	964
251	956
17	789
554	728
628	677
228	972
825	962
66	910
630	723
14	225
332	800
122	990
323	980
684	959
610	781
661	975
521	672
540	685
316	977
806	841
498	688
957	973
855	962
868	901
376	964
188	913
783	793
655	793
691	975
419	516
809	967
828	980
822	906
304	980
593	854
885	962
422	972
458	629
389	795
315	580
554	862
53	580
278	927
834	916
727	790
457	929
778	984
352	583
868	914
546	863
613	624
711	930
628	932
843	857
526	921
548	643
630	978
220	814
46	698
863	920
178	588
665	935
866	925
926	976
100	934
764	914
857	876
903	992
617	635
801	981
350	816
391	817
606	742
699	933
570	819
179	934
776	924
123	773
637	994
912	933
857	997
609	932
975	989
529	643
421	588
808	997
467	704
646	935
747	987
747	758
764	927
227	722
777	866
782	944
823	982
9	994
182	656
770	826
85	723
66	481
398	954
635	638
893	933
879	998
631	933
6	844
256	497
25	830
352	959
407	666
761	898
907	952
585	938
227	964
648	728
565	959
735	882
113	835
550	836
677	877
481	965
506	729
714	944
934	947
142	718
445	490
276	718
515	963
4	784
867	893
633	726
397	715
471	664
608	898
737	783
406	683
645	965
455	841
675	844
602	716
832	912
376	669
598	745
675	965
702	839
719	971
853	971
691	909
121	793
369	629
332	976
885	896
769	950
475	503
545	976
966	969
314	814
506	984
841	974
294	347
115	870
478	922
579	745
766	800
554	917
655	969
595	689
526	855
572	971
369	871
314	935
429	922
892	912
396	745
616	748
473	928
206	355
290	992
491	982
651	971
90	409
577	756
494	987
461	810
713	802
253	817
299	933
343	976
549	815
653	872
479	756
859	977
674	931
954	985
54	994
613	692
558	756
852	974
263	579
824	875
347	987
89	951
768	980
345	648
861	942
162	941
759	931
523	654
662	998
151	782
30	721
824	996
502	716
856	985
479	998
754	937
418	988
234	938
504	762
522	816
866	885
810	990
543	875
474	775
240	608
988	996
592	996
335	845
379	888
902	929
860	932
717	883
543	767
77	442
130	305
916	948
194	963
505	596
614	768
793	999
621	663
337	904
717	896
813	833
596	606
23	973
232	329
770	907
589	832
575	668
468	542
602	771
855	951
712	902
206	276
610	891
526	897
908	962
581	604
705	899
94	974
691	735
140	861
797	902
401	902
607	741
832	859
436	859
53	569
18	53
536	982
718	730
679	967
832	980
655	795
801	849
171	682
773	787
718	851
368	967
189	995
739	910
301	913
771	862
366	813
378	638
190	816
570	808
778	986
671	860
478	990
646	803
7	816
310	359
153	641
669	935
755	975
975	978
470	991
5	662
808	986
99	297
458	873
337	583
507	765
639	921
644	999
652	860
550	583
266	824
169	891
370	881
222	717
576	986
851	925
708	876
243	776
745	943
743	870
132	945
32	778
352	719
687	938
150	999
585	927
967	992
125	942
963	994
352	840
439	994
346	766
453	663
613	881
258	653
307	545
312	889
738	997
242	830
550	946
173	959
536	782
520	774
164	910
453	784
38	542
907	954
557	841
689	997
221	663
782	959
909	1000
523	964
182	671
724	725
149	494
985	995
770	841
411	908
698	938
612	669
340	964
455	951
367	838
568	828
397	717
605	895
154	959
341	556
594	736
189	916
266	382
386	972
353	795
320	618
619	914
37	266
640	973
142	733
513	905
7	279
727	834
551	608
317	441
431	691
293	757
246	911
296	503
628	976
843	901
834	852
223	927
713	791
350	739
556	844
216	924
940	955
293	878
664	791
549	575
875	974
686	809
773	963
234	914
831	904
795	981
170	929
500	804
178	753
183	868
651	973
347	976
428	635
323	353
452	992
722	853
369	994
966	984
181	943
778	933
863	977
775	864
254	640
278	997
875	987
639	976
386	530
652	915
234	927
74	709
354	992
514	981
495	702
863	869
61	181
935	974
590	710
185	890
226	699
138	586
759	933
129	766
798	861
344	425
643	987
844	977
863	990
121	353
641	648
659	702
958	998
777	923
529	821
784	818
591	652
756	985
849	947
692	1000
865	928
562	890
109	356
243	844
413	767
187	949
522	939
219	901
847	995
221	718
288	479
114	326
374	896
539	1000
79	490
425	898
510	942
366	668
471	721
94	734
119	912
402	971
61	678
319	973
411	976
376	726
133	968
890	947
716	794
628	681
190	684
314	979
267	904
346	968
607	743
901	961
1	933
524	974
178	337
491	797
73	809
885	953
771	851
716	915
480	904
609	789
619	982
570	797
23	170
470	859
179	912
776	902
693	904
156	928
560	789
887	918
665	805
554	974
502	518
209	976
479	800
806	966
861	865
547	971
500	859
780	913
453	518
945	980
174	874
246	979
623	700
122	418
741	921
820	985
80	946
759	975
778	988
762	980
159	687
417	982
766	870
488	862
553	991
787	929
694	701
162	877
129	700
905	921
743	859
151	947
354	818
371	987
546	988
687	698
945	993
447	982
268	714
405	985
372	808
812	814
583	762
613	870
747	870
375	998
805	811
576	988
532	652
91	421
872	986
643	934
219	835
847	929
948	981
26	965
43	380
824	945
884	996
428	716
636	894
166	716
381	604
460	934
620	886
782	948
840	926
278	368
481	956
522	994
453	894
833	886
189	555
598	723
955	997
707	895
946	948
605	655
930	940
250	952
29	953
673	789
428	958
515	846
633	838
261	966
219	969
654	897
533	607
120	963
758	954
408	841
136	153
330	958
70	553
466	553
640	854
159	258
6	982
744	911
274	504
941	967
853	854
140	918
682	972
43	985
679	903
12	854
480	959
917	960
180	438
545	859
765	862
952	954
195	746
368	903
850	906
225	854
827	959
885	900
62	567
843	903
163	915
126	996
327	986
561	924
371	800
598	991
618	906
305	446
558	626
711	868
169	585
232	870
774	924
336	927
630	916
850	919
795	983
762	806
500	806
548	702
350	983
947	973
435	532
574	876
734	865
940	970
375	932
796	925
532	586
757	933
657	766
632	938
444	887
590	941
282	596
139	776
433	994
870	995
49	65
587	643
146	937
5	961
434	815
208	768
461	948
511	540
824	1000
958	1000
259	999
749	826
900	995
793	869
150	948
632	951
62	835
782	895
721	885
614	759
691	713
154	774
547	705
860	936
920	950
777	938
923	992
881	995
16	961
415	441
19	441
673	965
676	711
607	611
271	662
367	895
307	615
34	197
663	893
737	842
920	963
703	965
744	966
904	955
601	954
329	495
614	893
364	452
214	922
484	554
267	785
916	965
107	567
547	839
607	853
101	981
137	446
890	949
950	963
287	619
774	966
149	914
204	621
649	971
561	858
748	950
681	960
380	968
488	501
456	697
528	802
662	802
794	958
290	930
491	920
563	796
871	912
394	987
366	925
9	624
52	994
778	869
445	925
574	810
882	926
305	622
320	930
106	412
875	923
372	568
759	977
835	972
238	753
35	653
650	926
502	762
273	939
956	969
873	971
606	856
671	985
775	813
71	697
398	826
733	816
824	934
409	692
782	937
823	975
456	952
979	993
305	756
341	413
747	872
692	936
370	885
912	939
34	936
652	985
504	592
798	810
700	881
268	958
15	549
703	886
62	72
191	482
96	888
237	598
242	942
383	652
715	896
219	958
2	960
170	544
139	965
276	711
367	829
331	906
936	986
427	614
848	873
886	899
490	899
589	878
622	826
814	996
263	893
693	706
906	999
40	555
501	950
298	850
821	891
191	724
807	956
922	943
578	904
149	727
705	716
405	424
167	781
607	787
934	953
390	789
557	966
128	789
598	738
637	666
936	999
210	858
853	964
489	953
341	789
107	622
69	101
681	894
464	896
381	861
359	550
402	920
216	915
598	980
739	956
293	869
637	679
917	962
658	967
336	687
753	975
720	798
431	695
150	682
274	977
35	466
903	919
667	908
586	983
639	846
765	985
484	972
68	993
794	905
452	875
892	918
878	983
551	625
597	741
951	973
156	998
370	698
12	990
604	636
42	869
947	975
564	685
225	990
662	991
209	228
324	932
269	996
57	588
577	883
442	924
277	362
669	886
796	927
161	416
378	939
856	978
479	991
597	983
196	410
724	758
528	883
674	937
935	978
742	812
35	950
286	303
296	991
444	889
912	994
678	827
282	827
736	997
111	945
496	527
988	989
105	642
647	696
751	753
411	604
376	583
923	981
469	545
312	827
914	932
666	830
96	943
108	539
517	707
632	953
749	949
375	479
232	430
738	827
779	828
545	661
839	879
402	841
44	904
520	833
281	322
23	966
790	842
210	792
402	962
476	948
457	669
608	838
916	954
217	953
468	535
654	954
27	38
887	896
211	384
469	908
651	656
422	833
312	961
513	951
587	900
353	733
325	900
688	723
705	892
603	615
145	969
828	962
512	847
792	901
391	557
589	838
644	737
811	914
258	967
588	842
115	918
712	908
510	959
18	985
111	395
806	957
314	983
84	972
63	849
786	978
519	863
128	749
422	967
482	981
686	747
759	966
938	968
957	981
877	958
794	960
66	221
202	819
329	860
912	915
683	863
287	863
722	791
746	919
808	979
560	914
472	801
766	982
692	804
117	573
241	868
315	817
783	922
898	909
859	917
322	978
759	979
743	971
435	589
27	535
257	997
21	986
287	876
139	712
975	984
708	869
754	756
74	997
248	884
757	761
41	591
624	646
420	587
370	995
766	995
731	974
805	923
488	987
826	982
363	992
659	990
29	823
626	813
518	987
710	928
421	825
805	936
180	884
703	888
818	875
909	993
147	441
427	495
740	955
523	957
860	993
571	890
579	714
832	894
744	781
288	538
432	960
592	949
306	555
867	888
435	965
333	954
30	916
272	944
828	896
948	998
511	960
700	896
45	901
114	506
210	968
499	842
394	560
848	996
110	801
922	945
457	845
839	947
880	948
214	858
374	847
649	786
160	329
13	316
491	614
292	899
77	745
204	557
189	922
371	670
147	925
348	915
90	162
769	945
394	802
507	679
820	910
369	745
584	670
883	966
126	758
588	789
841	969
563	961
755	902
655	964
3	809
875	967
61	979
787	854
116	686
460	496
355	968
873	894
514	961
146	565
535	791
369	987
584	912
864	966
662	980
346	451
218	939
261	757
871	982
81	826
447	920
717	744
276	513
161	297
634	746
441	580
245	705
861	937
124	415
745	991
858	868
863	983
159	867
403	998
101	367
741	993
212	878
152	598
840	972
454	936
365	827
527	660
791	935
54	413
680	875
988	991
17	531
509	993
638	878
729	996
641	883
701	934
608	706
164	958
1	442
460	993
680	996
721	997
592	883
622	762
448	609
395	719
8	953
751	997
369	666
608	948
186	730
220	314
700	951
684	943
193	625
416	899
751	889
654	956
869	881
510	948
147	859
207	910
70	612
718	833
663	897
556	771
189	977
662	672
384	435
279	907
408	792
75	848
820	965
658	903
253	625
982	1000
785	900
871	903
669	688
438	792
479	564
718	846
759	847
574	801
156	813
482	983
265	985
144	695
938	970
850	857
528	806
643	793
729	796
260	991
461	752
576	739
512	983
400	513
685	911
248	873
93	999
690	989
325	339
924	927
866	922
403	932
903	989
636	874
144	937
606	739
979	984
531	565
440	935
137	934
525	750
819	968
912	930
645	815
153	878
337	470
650	930
273	943
648	820
142	231
553	997
331	884
5	899
407	879
696	753
756	804
646	932
236	768
304	414
249	478
340	825
617	874
763	928
928	995
606	981
113	819
335	895
356	954
796	997
837	998
587	594
499	710
872	992
127	838
319	779
346	882
291	946
814	987
585	935
670	713
647	995
740	957
941	947
259	361
302	960
429	772
649	775
198	610
464	995
557	957
238	423
416	954
223	788
383	777
897	998
888	949
511	962
827	939
268	975
450	952
491	724
596	777
702	944
298	854
108	959
43	978
588	778
142	957
403	503
834	955
218	686
195	968
584	780
24	857
533	734
785	955
3	919
727	950
760	898
125	387
924	969
748	780
889	904
55	412
762	799
970	977
285	874
475	971
395	453
727	963
460	848
947	966
396	863
657	867
285	995
882	985
750	802
359	917
562	751
565	756
831	912
27	592
604	869
171	987
264	949
787	990
205	571
537	815
611	764
201	866
605	690
426	984
949	988
847	977
57	592
750	815
620	934
418	985
393	928
252	952
849	942
489	636
392	703
309	934
865	923
928	942
680	877
380	585
770	999
599	888
282	952
538	878
189	724
409	993
763	996
260	375
432	896
779	940
756	993
797	994
709	881
211	375
161	783
818	824
545	665
751	999
42	539
594	786
566	953
392	837
478	611
698	880
252	268
771	833
513	834
96	960
572	889
295	611
313	894
695	959
828	845
533	897
473	617
478	732
338	429
683	841
707	969
443	896
883	902
781	891
693	778
101	866
257	625
255	781
875	903
61	686
625	728
778	970
19	689
354	679
51	641
472	671
274	915
521	792
94	984
625	849
349	685
560	905
794	843
183	918
379	564
549	746
394	872
447	964
176	915
674	862
285	821
720	978
255	915
403	813
752	967
549	867
194	410
507	870
326	566
364	821
732	988
630	977
831	967
588	980
134	746
529	750
686	993
418	919
275	870
351	865
92	641
474	706
171	934
451	988
129	937
652	978
151	955
145	881
379	819
269	947
404	583
606	983
826	986
251	755
886	1000
839	925
784	989
963	991
701	991
687	827
599	943
387	535
276	704
231	961
124	835
930	935
393	996
214	728
272	935
520	771
365	897
593	761
87	889
881	935
466	656
985	992
811	839
902	994
57	902
640	957
78	961
802	992
513	889
635	1000
822	826
225	607
249	964
887	955
191	959
163	897
760	887
705	951
341	903
410	508
864	944
420	967
277	918
785	836
384	492
769	828
873	885
773	947
551	605
910	952
406	924
822	839
188	967
785	957
799	855
463	906
403	626
623	858
820	914
880	965
415	865
401	967
349	511
299	919
500	909
533	857
598	986
780	963
347	852
507	804
336	922
831	901
836	979
462	509
357	981
747	907
871	973
488	683
966	981
344	409
385	935
665	989
305	683
764	968
134	572
185	766
166	524
768	858
840	963
143	769
657	990
509	863
22	250
674	930
733	985
766	933
893	974
34	984
865	912
287	935
171	989
634	750
138	812
565	879
551	981
787	992
205	344
349	766
467	987
654	813
772	805
708	820
840	976
569	890
517	700
756	982
173	661
319	715
728	883
203	769
370	946
48	895
428	887
502	836
648	890
909	931
826	933
246	358
399	600
930	990
135	490
388	707
761	952
626	993
860	931
400	946
284	1000
399	721
297	939
330	887
603	716
233	954
580	769
497	1000
804	891
133	723
499	780
586	668
672	708
591	783
448	963
47	619
547	942
679	832
389	770
697	886
802	939
600	724
165	732
201	426
492	898
8	31
304	847
371	608
730	955
463	611
480	780
807	909
512	732
639	773
126	925
167	963
459	842
786	971
901	958
505	958
753	794
26	694
34	555
903	967
58	912
361	684
836	913
82	976
445	799
417	966
334	968
494	920
306	869
89	871
484	912
437	800
831	956
387	979
132	460
505	971
49	691
348	987
273	813
364	931
372	563
281	933
776	912
555	684
734	915
173	353
678	983
172	882
414	910
87	286
861	875
933	980
803	870
863	921
374	464
632	988
76	770
544	875
766	988
258	518
623	939
664	977
805	916
249	698
824	929
865	967
617	636
823	970
405	982
928	986
102	944
625	985
418	692
583	988
421	926
701	980
62	993
411	881
511	590
516	934
359	987
870	937
653	939
231	950
69	888
803	883
486	947
122	899
227	952
392	531
409	929
928	999
680	934
399	655
163	644
682	943
715	891
742	994
511	832
459	642
442	998
483	999
612	884
615	889
330	942
886	894
913	997
383	768
696	999
897	989
948	991
786	892
483	891
106	904
510	765
818	881
105	945
224	896
191	719
177	555
797	943
695	895
874	897
901	1000
656	940
977	995
397	945
853	959
97	158
14	389
869	940
390	905
290	967
464	891
799	844
785	946
31	972
246	897
609	720
466	900
600	900
302	977
79	905
468	717
161	974
343	951
813	900
329	787
67	787
494	854
320	738
719	972
311	918
438	959
512	908
23	451
314	923
575	964
611	621
165	800
929	967
261	279
398	513
577	744
769	951
947	957
503	980
456	639
209	210
646	736
197	644
706	787
780	965
940	954
530	790
576	906
917	970
669	868
396	975
597	965
468	851
970	981
734	970
541	804
272	387
477	819
669	989
345	865
106	354
787	981
625	919
518	564
738	796
745	984
280	921
252	822
835	914
241	929
838	919
898	970
461	932
521	983
240	704
386	529
859	978
148	886
270	583
817	981
789	919
412	932
489	627
541	817
833	925
24	527
356	771
345	878
551	983
946	987
107	188
428	997
548	833
358	709
633	877
182	712
295	589
402	486
140	486
539	986
714	987
599	771
893	989
593	697
221	825
703	828
36	779
449	948
531	987
707	718
797	877
43	903
602	638
728	777
781	869
87	946
464	704
557	895
240	959
964	990
620	951
568	761
716	888
182	954
58	430
140	957
47	500
635	936
915	990
656	995
890	933
111	148
195	785
869	995
566	957
170	957
547	715
464	946
352	439
49	438
802	941
36	913
619	968
438	893
383	957
820	958
718	947
737	960
162	729
704	783
487	785
41	210
44	215
744	855
697	780
554	960
650	668
466	847
820	850
240	275
61	798
327	917
850	958
883	906
211	742
500	616
524	973
145	388
926	953
463	963
945	966
838	840
683	966
903	969
359	613
653	794
658	909
657	684
815	977
553	977
37	454
570	917
440	807
607	984
775	797
926	966
254	802
180	624
796	856
240	638
842	972
322	973
878	925
151	825
495	635
252	877
197	941
238	979
16	637
516	694
975	979
933	982
462	579
384	925
444	939
134	979
144	943
279	579
124	705
900	926
550	813
803	993
476	635
569	826
641	931
434	867
117	931
198	361
397	692
844	923
393	987
723	862
742	875
635	749
48	952
483	880
109	410
749	999
909	988
430	990
944	982
300	880
756	931
184	705
621	706
918	929
529	888
436	660
474	952
694	955
518	995
738	998
812	947
416	947
867	883
476	998
770	950
186	899
406	673
244	611
450	945
612	778
906	996
362	603
890	988
587	950
702	937
246	657
438	598
498	612
300	893
219	968
360	907
184	947
313	832
855	886
693	824
552	848
560	709
463	776
530	537
301	485
573	907
774	897
512	668
792	951
83	262
809	891
313	953
225	840
431	679
73	971
587	963
260	568
788	953
283	966
107	969
143	397
542	897
60	628
257	913
202	748
766	790
857	908
732	913
267	850
831	892
354	967
289	343
294	687
569	626
789	895
99	448
445	856
274	974
623	862
130	966
259	851
947	959
713	792
759	908
776	848
280	910
555	849
720	916
257	926
940	956
783	972
917	972
722	962
259	972
18	351
787	862
565	749
449	803
643	854
242	510
550	626
912	978
494	990
232	990
617	801
433	980
884	916
147	357
620	806
196	515
729	978
486	991
214	532
939	973
958	986
469	529
419	937
78	644
652	916
597	980
622	744
233	703
374	413
324	821
544	824
953	992
698	739
791	930
414	980
969	973
432	997
812	989
476	811
481	889
541	940
654	817
425	994
580	639
659	932
387	473
680	991
688	815
256	663
302	779
118	958
770	884
415	656
976	989
415	427
714	989
814	927
304	825
328	953
137	190
455	994
388	940
797	879
816	892
654	830
170	717
681	704
860	935
901	936
904	941
64	964
348	494
58	661
237	892
77	674
880	998
677	935
536	959
663	1000
28	260
855	941
588	597
15	964
175	953
290	903
610	881
651	882
876	1000
380	833
825	954
570	664
910	998
660	823
725	952
706	710
582	903
779	959
322	720
449	495
46	785
127	215
170	851
86	857
447	836
209	964
47	865
704	906
253	970
24	918
748	949
192	731
882	912
794	836
282	624
815	858
264	984
350	795
773	898
396	911
919	952
248	747
437	683
271	916
747	845
71	333
241	973
752	960
67	857
530	618
664	847
208	567
287	860
345	801
690	984
55	473
454	973
385	873
118	758
439	850
838	855
306	994
400	858
204	983
801	973
534	858
73	234
212	578
28	757
377	874
960	966
738	853
743	968
963	971
522	740
775	920
508	576
492	568
483	748
703	751
372	917
754	982
413	689
316	756
393	976
668	915
140	301
948	969
585	917
673	764
222	599
750	984
562	933
689	974
45	643
721	926
45	414
740	939
881	915
430	750
858	931
710	804
963	984
731	863
413	931
358	995
298	715
158	412
187	884
495	1000
434	990
503	595
916	993
272	928
708	1000
4	884
601	874
816	947
184	707
244	721
381	955
937	944
675	944
50	892
955	998
559	998
996	999
526	821
600	770
490	898
605	885
283	834
846	947
469	960
744	899
752	760
480	826
526	942
941	955
397	828
572	829
66	957
80	626
322	654
112	844
148	501
36	970
144	732
262	724
602	829
238	781
799	848
301	608
829	956
259	840
39	342
606	655
792	845
704	961
341	909
924	964
148	514
327	745
500	902
841	966
472	840
238	673
780	956
112	268
7	740
315	856
857	910
554	909
120	388
493	899
630	904
69	342
148	635
313	968
910	958
266	627
475	737
865	892
254	509
171	740
336	807
778	923
19	871
762	915
877	902
104	686
665	982
458	918
398	638
618	907
141	982
631	846
10	233
361	985
576	910
722	964
419	926
840	956
78	404
391	864
60	993
844	846
574	985
632	926
865	905
796	805
768	972
14	998
88	984
220	874
569	762
426	979
571	808
772	798
419	939
754	929
914	918
205	458
303	993
537	931
96	929
41	993
504	754
757	934
817	985
495	934
932	935
682	760
613	926
516	993
590	942
851	983
694	999
224	821
499	760
270	937
344	886
927	978
333	993
803	942
930	983
668	983
907	999
103	945
860	924
538	873
244	426
620	942
724	999
421	998
765	771
654	940
511	891
161	778
890	924
480	760
559	824
209	940
839	878
781	873
640	897
230	999
464	937
230	770
244	668
276	886
904	943
182	958
512	604
767	830
63	714
772	945
813	946
384	540
730	948
568	886
86	617
466	609
672	714
262	550
239	566
478	848
422	953
296	548
642	956
339	918
989	1000
361	677
595	615
125	437
820	962
33	848
957	967
776	892
693	894
104	499
128	856
398	680
394	975
554	964
801	841
746	905
135	980
479	790
152	166
33	969
583	618
192	733
808	965
90	456
447	959
218	870
856	898
116	859
143	696
752	962
678	747
158	977
829	916
235	406
56	929
452	929
567	916
534	739
391	919
861	868
468	910
509	911
454	975
528	924
321	860
646	916
544	868
315	816
423	578
562	693
96	634
250	808
43	478
736	930
400	981
37	929
974	987
377	768
148	945
275	986
592	693
335	1000
393	978
756	801
150	991
805	922
328	997
87	642
837	874
749	761
928	992
657	943
858	933
118	894
541	997
921	989
800	928
337	938
777	981
936	974
633	936
853	939
130	581
751	928
874	998
681	869
579	592
818	874
890	979
284	940
12	481
301	355
434	884
556	581
181	438
109	535
408	831
876	936
707	898
256	962
443	825
176	710
498	724
157	431
663	828
897	995
804	952
283	957
589	1000
676	888
822	942
244	736
247	482
54	841
178	382
183	726
174	906
876	949
58	960
573	911
961	993
594	970
327	855
767	898
752	775
444	622
788	957
755	780
121	908
126	986
924	966
335	571
500	904
697	960
604	732
771	909
787	853
88	852
298	396
789	899
329	914
208	624
28	922
680	848
671	799
65	989
454	801
660	906
882	982
646	971
847	961
678	923
310	527
856	966
601	676
74	930
872	910
247	858
574	987
462	517
431	938
525	802
645	867
534	807
78	527
298	759
611	990
430	686
564	915
266	992
388	689
269	997
404	633
78	877
601	689
913	924
481	772
916	929
849	939
249	880
328	944
59	756
854	990
114	197
485	635
729	995
484	639
522	931
949	998
742	934
520	821
828	937
186	716
406	719
282	949
497	874
805	990
920	940
837	942
656	867
64	955
702	754
696	939
33	595
415	660
280	472
505	819
758	999
59	998
292	711
185	319
429	945
160	262
607	722
82	837
964	996
45	955
224	957
402	963
746	773
135	619
561	727
15	968
193	974
353	963
253	961
303	324
393	483
780	892
546	725
885	945
744	969
685	776
745	790
982	999
467	553
68	807
539	658
549	851
889	956
667	843
405	843
831	951
690	975
65	923
546	967
125	910
842	965
264	988
565	687
363	967
542	969
877	959
335	639
168	233
393	617
155	974
184	443
351	620
497	674
567	918
708	857
207	575
338	802
76	765
967	973
925	976
736	811
667	977
364	939
928	981
83	926
531	564
104	985
406	532
122	773
735	744
229	872
974	989
74	998
196	695
476	978
638	811
247	926
283	583
737	753
948	973
370	996
313	462
411	997
547	629
673	768
708	991
615	763
666	994
633	817
270	765
177	537
228	768
407	999
319	886
277	889
703	997
684	755
476	991
70	303
691	879
751	930
723	868
649	653
833	999
285	605
132	134
362	596
119	609
647	994
141	368
325	943
821	881
471	997
345	363
603	887
85	961
468	699
855	879
876	938
895	951
466	774
760	763
286	843
767	887
827	938
890	994
931	995
862	895
922	946
719	846
792	836
156	854
290	854
780	947
799	960
857	901
530	543
834	954
961	995
149	851
457	967
102	739
487	846
954	955
887	965
90	621
651	954
16	443
525	549
408	967
576	780
61	859
262	849
537	788
643	955
555	842
426	728
899	911
100	972
590	799
576	901
175	328
446	562
143	524
51	935
266	860
431	927
439	788
126	291
632	688
342	855
405	911
680	850
845	917
762	919
385	932
462	627
477	935
315	873
623	989
576	914
777	904
636	928
942	971
611	871
220	986
44	760
357	991
714	740
731	909
571	691
342	868
254	984
851	974
763	861
823	912
721	864
339	533
902	912
112	756
324	935
761	936
208	989
824	992
502	941
923	971
97	892
757	938
517	697
770	877
448	597
404	527
59	758
312	938
642	813
702	864
320	533
633	993
416	995
927	982
295	705
786	942
280	353
920	942
763	995
243	959
526	759
880	991
677	928
295	597
897	931
809	818
272	879
313	880
915	985
552	667
610	874
730	939
890	928
64	849
587	890
802	815
355	998
608	949
649	950
910	991
280	595
683	719
461	606
91	844
875	889
512	837
773	878
616	665
373	678
216	960
114	912
491	670
686	845
691	960
424	845
690	964
602	888
748	942
255	780
986	999
623	910
452	799
584	955
618	953
871	904
92	385
842	846
391	910
451	961
826	838
789	956
486	689
208	681
650	797
15	286
634	789
201	678
13	627
622	671
536	631
238	974
250	799
81	990
956	961
317	974
196	684
757	980
569	929
42	217
696	741
849	983
169	995
866	923
907	924
689	738
842	980
293	472
205	396
826	972
289	767
13	869
32	882
448	760
324	990
90	823
186	531
777	972
708	872
601	746
489	690
585	923
640	822
731	977
340	826
35	190
482	650
499	819
559	870
504	934
581	629
600	642
20	67
258	649
681	752
497	931
235	894
18	667
408	593
91	886
913	994
27	901
448	894
635	986
506	835
827	927
343	585
582	830
909	996
320	830
568	703
867	999
779	886
732	774
811	838
341	660
520	891
767	997
472	591
582	951
389	822
293	848
193	910
408	835
533	951
505	889
412	661
651	943
11	88
477	790
191	958
260	563
494	730
788	948
848	999
213	488
292	781
526	948
686	900
644	674
630	776
695	905
108	142
404	958
51	803
627	707
233	551
324	669
172	800
810	828
58	964
719	969
245	790
572	956
873	884
732	908
102	741
36	387
54	966
183	851
217	435
475	959
884	898
741	849
281	864
363	903
822	959
99	564
407	680
71	502
458	911
866	965
940	951
516	623
479	970
840	949
372	615
859	962
74	921
220	975
509	849
817	965
872	901
784	788
44	749
701	790
954	970
38	446
766	919
516	973
199	808
243	814
132	983
206	932
863	973
949	976
613	798
2	873
125	980
543	739
754	922
437	986
36	642
578	696
624	812
481	763
76	943
20	819
474	989
312	927
331	940
661	815
69	940
946	984
77	306
89	360
803	935
508	987
645	992
805	981
381	653
284	986
559	925
858	992
932	941
976	984
709	869
953	1000
137	414
610	863
510	925
386	889
895	995
812	997
283	882
228	946
24	887
79	594
566	941
122	964
323	954
846	995
30	143
367	997
670	769
501	997
771	821
499	887
535	581
614	874
572	877
355	879
809	820
855	936
528	541
915	987
354	425
445	772
390	836
142	771
235	962
725	826
329	597
609	651
760	820
586	896
424	605
360	849
693	766
827	995
285	675
87	956
739	882
436	844
384	425
802	938
702	1000
862	952
755	826
3	962
457	903
746	777
372	536
102	446
561	960
373	909
519	734
123	505
73	913
857	958
394	968
232	906
493	718
685	888
473	968
343	895
417	844
269	680
439	603
577	796
783	901
683	963
664	721
278	914
493	839
171	788
789	837
849	851
747	840
852	893
120	678
359	960
120	449
829	909
831	955
690	979
335	751
674	971
338	793
68	932
453	743
706	960
585	899
838	850
86	986
534	853
54	216
553	866
83	917
644	984
845	974
960	961
701	966
324	979
921	969
81	992
356	931
273	933
648	810
715	985
682	808
38	514
763	918
474	815
601	856
367	689
782	931
157	879
146	986
113	809
858	926
159	925
374	813
178	938
429	520
374	584
819	971
837	988
749	875
100	466
31	595
677	972
710	920
25	817
443	576
916	988
367	931
670	703
716	819
721	934
848	975
8	998
176	582
962	996
602	690
901	986
16	71
196	941
499	713
507	537
8	890
135	665
300	998
594	950
575	708
814	990
332	950
676	760
249	952
390	891
99	190
197	496
807	950
58	832
779	888
140	901
588	768
142	947
279	952
482	786
655	943
760	996
89	791
691	896
794	994
247	367
262	611
630	778
239	856
877	884
720	900
338	606
582	966
838	892
86	799
551	606
65	861
151	635
271	966
338	727
954	959
491	969
169	918
274	971
463	907
764	835
750	900
172	923
650	733
400	558
151	985
453	798
539	838
780	964
835	900
169	810
186	225
562	970
722	730
303	746
377	695
60	988
239	990
951	967
954	972
577	985
692	972
222	757
842	916
784	911
321	921
310	991
558	864
544	929
566	688
381	642
460	972
942	975
243	937
707	812
440	993
159	980
522	803
429	575
893	975
212	991
726	983
438	516
85	886
369	416
508	760
638	991
894	917
531	865
424	473
682	768
976	986
673	948
681	809
411	948
276	989
445	532
579	761
455	991
18	953
832	941
790	944
895	997
12	421
154	999
489	989
580	878
184	878
258	827
412	476
307	948
31	784
48	199
227	430
774	828
760	930
517	943
415	666
492	886
178	430
656	994
788	884
213	424
223	846
171	427
295	722
561	841
84	953
725	949
904	951
21	604
494	787
843	941
414	535
856	880
195	905
792	895
478	964
290	913
720	726
558	664
628	908
356	449
466	846
295	964
470	965
74	736
426	895
285	919
407	616
866	901
425	670
26	924
653	793
312	500
919	949
5	986
454	849
385	978
574	914
808	852
637	970
370	626
497	667
870	912
713	965
358	737
69	634
831	957
872	958
238	857
720	860
747	963
2	809
824	917
391	806
592	796
657	925
302	697
729	801
849	866
835	968
613	855
379	688
136	930
497	909
502	987
650	922
502	758
851	912
307	519
694	928
100	455
914	968
215	930
96	750
569	933
71	922
888	915
967	979
395	753
689	971
763	920
656	794
515	818
496	576
928	987
465	997
141	348
248	999
418	922
187	989
728	818
511	820
524	759
73	594
642	751
408	584
246	522
974	995
430	868
397	691
913	985
434	987
351	989
827	918
469	944
697	808
559	874
89	659
792	816
809	985
420	944
640	947
60	372
263	997
758	939
785	813
40	659
293	839
876	931
475	587
821	995
380	764
980	988
630	646
271	713
582	834
155	538
265	898
595	773
719	839
567	711
773	816
334	890
67	775
375	662
573	906
361	498
311	906
281	963
437	722
616	724
440	498
706	883
852	937
2	272
301	834
213	721
581	888
350	726
831	999
523	617
776	834
63	898
560	950
637	904
72	866
77	981
229	557
253	914
808	907
123	804
613	668
747	897
131	399
604	848
717	725
347	963
106	571
212	738
861	918
625	907
174	217
647	666
308	971
946	962
577	866
136	864
497	843
263	676
659	676
783	971
750	794
515	631
840	953
418	735
798	956
817	969
113	624
729	856
756	959
253	338
236	694
48	872
617	800
39	823
129	982
432	754
569	988
858	862
467	977
30	939
641	864
180	920
818	911
634	861
694	875
413	862
754	926
738	918
578	700
677	908
214	652
167	577
714	975
184	517
175	926
464	800
953	991
309	926
37	992
279	754
284	869
110	945
270	934
721	870
784	926
457	531
508	762
907	996
758	873
166	998
804	989
615	824
922	981
22	953
591	881
131	896
547	811
855	927
915	978
660	688
560	750
395	942
59	993
656	983
876	986
110	958
485	872
793	988
600	822
292	706
619	835
572	760
37	187
350	647
825	940
602	868
788	994
77	902
542	709
156	902
712	891
450	891
899	946
596	945
711	895
829	887
908	951
672	940
892	943
850	946
621	894
822	884
753	784
706	938
288	950
546	720
885	940
540	905
92	486
586	792
410	795
690	849
121	140
40	969
384	779
711	908
177	974
815	965
157	507
368	956
10	982
426	897
333	440
365	621
683	967
356	572
28	743
74	859
110	287
440	916
525	731
131	346
375	972
175	618
636	976
245	862
190	926
9	851
754	968
229	854
592	677
234	969
201	792
242	564
90	924
687	914
305	620
401	557
442	854
345	921
245	983
928	976
465	986
284	911
224	631
537	862
858	917
123	993
102	116
921	973
728	807
700	745
617	976
636	989
82	174
837	979
317	980
592	919
974	984
349	932
913	974
677	734
484	568
830	976
687	927
150	988
236	991
632	991
390	640
717	806
763	922
152	997
656	796
647	976
452	471
154	814
302	712
696	868
770	817
962	987
544	999
473	530
404	696
180	988
832	877
895	933
647	868
283	820
677	976
916	992
556	686
520	763
654	992
814	981
179	470
84	876
165	535
827	920
32	420
450	933
744	885
582	823
482	885
642	874
251	760
688	761
567	700
42	586
603	882
66	714
470	767
698	927
519	659
25	124
376	876
818	992
422	992
670	828
480	933
22	792
512	885
586	834
415	723
368	877
332	954
239	726
509	587
662	829
192	422
334	1000
804	949
119	846
727	931
880	944
107	957
281	844
327	960
275	541
354	605
598	965
40	903
766	778
857	896
315	613
378	898
199	438
873	877
28	785
625	775
47	798
877	996
294	675
665	847
563	836
769	941
843	890
180	546
570	960
537	783
308	960
597	834
487	962
646	726
351	549
40	98
625	788
51	930
569	627
935	950
659	786
731	891
829	968
653	971
14	984
349	974
946	964
847	958
71	508
117	624
208	971
599	627
249	743
735	902
100	391
379	974
95	986
717	969
865	904
254	979
870	982
41	871
27	936
90	992
434	802
57	815
46	168
185	1000
386	990
494	523
124	761
298	648
941	983
127	766
605	805
691	808
336	351
107	528
379	987
167	579
915	967
277	710
772	918
918	972
598	765
689	920
548	944
448	942
630	690
552	770
428	1000
610	977
703	939
771	814
807	996
719	883
311	829
245	475
594	888
318	990
487	533
758	996
656	985
496	767
910	986
492	998
693	988
500	593
161	898
412	480
785	991
540	894
213	536
70	487
111	488
368	824
602	762
781	993
376	944
505	829
670	896
389	883
31	909
829	889
106	265
56	673
699	779
952	996
864	883
247	655
903	959
553	846
9	719
561	966
555	892
444	795
218	977
56	686
597	781
330	437
32	743
169	977
310	687
683	969
421	905
261	687
622	666
668	782
921	962
819	951
879	965
153	861
634	905
251	615
845	859
187	859
742	852
557	806
125	920
226	972
288	389
427	696
289	991
944	959
742	973
508	806
668	795
401	680
613	859
714	911
791	865
496	688
675	919
735	970
231	942
936	960
375	398
757	988
311	642
550	924
355	685
164	888
525	867
681	855
318	803
610	911
450	693
629	924
807	930
603	642
860	978
612	876
918	919
670	817
224	996
193	663
573	884
195	709
575	701
781	806
538	819
505	642
447	637
540	828
297	878
723	986
767	992
684	994
558	589
535	871
623	718
843	987
977	987
507	543
180	185
56	607
176	938
980	992
718	992
792	941
52	902
286	840
588	882
373	728
27	91
973	989
524	897
829	944
669	726
177	789
741	831
727	933
570	720
685	707
468	938
294	785
882	955
560	941
63	660
44	381
739	943
362	956
917	949
115	261
961	992
713	890
660	1000
12	964
769	943
125	841
328	675
410	973
570	962
611	734
385	916
458	906
838	898
276	377
479	965
485	487
657	971
201	728
775	963
357	975
731	893
590	917
356	750
433	970
689	896
634	731
949	971
536	573
76	817
599	858
411	807
227	986
824	976
631	847
230	503
63	97
680	968
377	930
220	983
261	984
830	912
775	976
816	977
35	937
772	907
254	981
194	701
906	907
564	914
638	863
844	968
11	930
116	229
635	794
728	985
761	933
566	694
170	694
299	579
693	735
698	850
846	977
180	924
837	928
302	769
448	823
489	861
714	979
934	982
571	930
459	460
269	299
582	759
895	990
50	935
344	887
559	812
168	890
145	943
33	473
888	987
404	645
207	774
702	982
807	998
36	892
545	998
853	885
880	988
176	643
603	710
663	990
841	996
524	831
615	949
908	942
186	957
762	824
128	952
40	839
193	852
120	310
600	947
820	950
718	939
685	762
377	609
745	776
781	995
822	996
896	945
187	485
290	906
752	937
477	732
810	878
213	659
433	662
732	958
892	947
933	948
556	998
105	308
243	501
504	542
454	950
41	552
569	671
99	493
211	734
866	894
852	996
81	853
752	829
764	883
945	958
686	963
534	835
606	711
919	942
330	547
877	945
574	907
475	901
815	969
690	974
657	797
729	902
627	891
646	904
150	966
805	897
590	743
757	856
944	948
522	730
733	913
34	912
516	915
207	574
212	918
518	961
284	794
974	975
215	923
891	977
550	684
429	623
11	635
489	674
888	908
222	818
392	741
731	961
227	933
298	584
633	803
784	972
321	982
696	859
407	756
541	985
830	859
962	978
879	980
502	993
450	803
221	980
386	818
601	743
932	991
80	711
283	582
407	877
9	50
319	764
492	692
612	986
428	936
730	978
325	929
886	996
112	821
79	644
602	685
263	990
593	865
82	649
128	765
403	475
408	819
980	981
402	775
322	523
456	486
84	880
189	896
612	999
499	829
366	943
889	984
922	932
732	771
503	948
157	311
556	811
883	940
660	868
423	955
288	996
417	881
255	819
697	935
205	998
718	994
878	946
93	905
649	894
676	997
831	871
855	999
109	886
651	940
871	943
787	949
64	325
385	905
679	894
558	833
141	959
15	325
273	849
699	957
179	958
426	835
197	746
870	960
433	730
680	836
754	785
280	902
247	725
197	867
434	551
236	795
342	962
648	739
207	508
830	901
153	918
497	728
810	959
138	795
251	672
363	913
467	970
949	973
164	932
659	911
406	465
648	981
722	967
188	508
432	868
377	932
143	765
418	970
275	921
798	962
99	924
622	736
360	470
296	980
874	920
937	976
226	921
307	580
890	901
702	850
927	968
113	980
121	575
608	922
602	619
469	763
334	804
50	816
358	932
210	768
432	881
572	861
512	581
691	812
575	637
332	879
275	345
695	702
772	922
241	468
614	979
471	930
209	701
498	538
649	936
594	771
547	925
734	751
846	992
104	355
188	992
133	827
807	1000
760	925
727	748
586	772
401	992
65	777
473	602
790	952
667	818
864	874
506	900
304	951
178	546
926	934
306	960
287	718
328	490
801	939
254	312
133	251
644	726
795	895
514	882
674	834
627	759
252	616
444	786
277	380
337	431
755	944
562	778
234	949
819	821
986	998
203	323
303	675
456	917
757	845
280	957
206	742
21	962
477	976
645	789
648	794
634	896
708	845
768	896
787	909
105	552
160	976
784	840
627	893
701	842
425	907
766	971
179	208
117	562
370	742
722	901
144	924
49	98
364	927
668	786
525	966
263	737
461	981
317	973
91	630
289	874
94	635
527	931
29	920
511	923
593	733
212	812
661	867
821	856
17	802
242	920
206	997
200	923
52	530
382	405
544	992
253	291
139	943
703	985
832	870
18	882
821	977
614	913
466	520
531	915
913	980
932	993
511	936
767	862
538	810
6	949
193	775
17	815
867	985
504	933
182	882
794	857
285	485
744	999
188	818
730	872
413	936
834	929
38	995
401	818
542	757
813	991
288	877
769	921
191	944
521	819
287	652
366	945
108	946
42	821
572	821
883	942
579	945
519	665
783	940
442	647
72	848
669	838
834	942
961	983
190	840
919	986
336	665
248	781
704	832
308	832
198	960
467	596
665	840
257	786
852	932
26	624
581	883
722	822
741	835
424	899
498	848
317	773
831	994
299	904
319	324
269	732
632	784
461	673
144	737
56	853
240	674
699	730
652	884
597	948
349	617
32	910
486	851
577	969
150	673
599	728
870	962
452	974
787	964
644	915
523	854
743	894
882	972
30	692
761	911
764	953
48	746
299	328
824	967
736	854
923	946
749	793
197	990
723	777
379	738
733	970
659	792
474	975
735	787
14	990
550	970
182	574
321	918
536	806
668	733
805	967
227	990
166	980
340	867
818	906
633	860
55	883
757	926
261	988
724	749
495	926
195	634
420	752
236	931
337	983
934	973
717	975
395	924
524	809
694	991
174	467
839	857
770	986
907	991
827	968
323	940
598	879
386	996
515	881
771	807
568	744
154	875
503	763
663	752
916	932
547	806
874	935
832	938
725	812
58	763
793	983
672	922
605	932
460	514
911	975
952	976
448	948
181	833
489	986
676	812
929	992
189	953
170	711
1	902
40	830
320	884
526	989
834	876
75	824
383	940
658	879
883	997
767	822
637	712
540	779
311	956
438	997
834	997
326	527
9	591
690	952
561	838
822	879
8	137
390	956
519	841
799	895
692	769
871	1000
482	959
664	707
843	938
177	848
667	941
204	951
383	953
460	648
512	838
603	956
685	995
919	933
556	881
468	997
864	997
129	548
79	956
564	705
302	439
734	887
899	954
585	764
752	941
871	892
185	793
93	975
382	849
831	941
51	978
789	944
159	548
21	843
986	1000
764	887
7	679
683	962
796	839
782	904
455	546
606	944
501	662
644	970
845	960
803	963
118	860
321	731
553	973
784	842
431	983
7	921
136	806
571	734
409	672
309	734
54	444
823	955
625	970
363	970
160	870
839	899
677	837
715	863
742	966
263	968
974	979
793	904
292	393
825	856
708	981
41	932
127	935
545	694
316	871
751	799
761	992
360	648
515	936
788	802
3	761
256	941
834	918
619	764
605	866
696	984
897	974
888	925
307	879
114	713
931	972
294	536
225	702
693	807
700	995
885	977
615	887
205	989
380	990
773	921
4	181
198	720
247	582
753	942
211	659
973	982
730	995
771	996
53	716
672	990
630	993
739	936
651	823
348	785
339	965
232	839
815	894
980	998
859	937
919	988
556	936
618	996
111	670
534	773
133	200
331	444
845	894
327	968
146	893
183	960
866	953
722	945
278	968
768	832
308	847
622	714
412	904
486	853
305	549
342	845
669	974
206	920
863	961
319	568
269	976
291	735
604	966
20	915
414	842
617	676
675	846
708	794
317	909
881	951
358	681
3	453
872	902
641	969
434	905
742	792
673	921
318	730
84	563
373	400
631	961
483	797
937	967
708	915
231	990
513	676
721	854
485	843
330	969
638	856
429	453
700	916
15	813
846	970
703	921
422	679
482	693
399	695
523	990
108	748
94	813
33	574
291	869
392	921
373	413
376	684
629	864
535	677
490	934
825	924
71	987
365	939
487	636
492	980
645	993
132	179
343	628
389	744
563	631
64	947
306	709
292	811
545	991
600	927
204	698
94	826
154	877
622	982
811	881
459	924
230	872
101	950
813	927
343	749
188	875
95	647
493	693
806	924
751	988
243	252
401	875
371	703
725	935
155	590
260	606
922	991
61	891
9	472
360	958
546	596
563	994
752	930
199	717
359	706
130	883
892	940
625	825
630	940
129	658
776	994
866	887
852	989
618	822
356	556
773	881
759	946
919	935
437	666
643	1000
836	900
472	889
940	994
439	712
255	891
856	1000
782	785
713	951
451	951
933	954
377	736
432	443
831	943
165	853
509	663
729	895
511	672
824	903
361	913
455	548
372	779
754	844
518	833
826	949
845	962
726	782
130	199
32	859
407	736
200	672
458	967
552	565
273	921
4	733
504	790
94	397
233	970
613	962
847	900
198	454
111	980
455	790
708	970
182	631
335	873
803	978
663	675
797	904
219	698
291	803
194	870
837	976
157	988
666	865
853	920
402	755
772	968
538	801
529	981
119	817
331	996
807	925
573	758
848	963
163	631
724	927
443	914
168	709
825	979
171	226
420	930
709	804
201	334
203	932
496	696
246	750
81	188
526	804
177	650
853	933
591	933
228	881
302	830
300	986
484	807
772	981
472	689
785	920
950	987
867	989
108	937
575	817
156	833
505	758
95	594
236	304
494	828
790	890
499	943
394	661
158	650
328	536
811	949
138	183
561	774
239	723
560	815
887	944
147	905
361	834
581	874
121	889
368	995
487	946
621	946
734	823
755	882
521	715
667	998
741	947
815	896
553	896
584	1000
295	897
4	196
321	775
266	839
426	828
62	551
141	844
70	900
873	995
160	793
270	436
965	998
256	501
836	847
844	937
123	911
665	965
632	788
692	839
530	777
39	917
259	957
815	909
518	888
872	891
178	968
775	958
954	960
439	780
442	785
510	660
532	678
528	973
481	861
407	683
816	851
907	969
351	788
436	566
202	399
534	909
942	963
55	874
339	404
435	866
388	791
775	971
200	740
398	984
687	858
420	743
134	911
786	800
717	966
51	351
139	989
529	915
152	928
284	855
449	922
784	912
825	913
462	861
949	979
585	968
804	975
361	405
600	687
641	984
374	869
682	985
767	800
937	982
288	573
675	982
432	995
471	923
173	1000
135	479
640	880
552	996
371	692
409	984
12	759
53	531
80	893
603	934
663	985
594	885
363	464
781	977
915	977
679	929
49	533
128	826
507	593
80	785
88	646
368	929
690	714
762	819
712	998
491	999
412	477
843	929
347	762
521	649
204	942
526	993
864	988
671	822
473	837
63	939
118	609
266	544
780	994
940	983
477	956
274	893
447	821
31	88
690	956
951	997
357	783
67	950
678	838
764	878
783	891
48	442
989	996
741	894
419	843
878	899
280	950
238	953
425	779
898	999
851	887
787	902
532	612
46	904
51	982
291	671
544	851
604	902
67	963
590	967
469	677
26	107
316	620
123	979
599	908
714	895
296	907
681	718
411	628
612	618
735	954
229	853
495	972
236	977
640	801
318	787
84	620
731	956
318	558
423	803
590	980
758	793
111	982
430	964
900	913
300	854
420	690
626	795
612	631
39	998
340	926
955	970
3	752
72	357
811	925
176	451
737	747
830	975
916	978
673	991
310	939
538	803
371	397
730	973
279	808
788	914
344	937
168	940
806	968
443	916
517	865
264	419
448	994
52	765
415	588
943	973
165	642
538	924
68	480
577	586
697	917
802	970
688	868
595	640
163	983
383	757
591	935
322	518
332	940
772	983
549	645
628	938
191	937
325	937
567	699
364	599
484	930
892	984
451	753
965	974
165	655
734	812
505	760
539	573
799	941
725	763
945	995
577	599
339	956
447	755
820	1000
226	527
570	825
660	984
593	994
384	591
296	707
463	884
685	933
47	676
850	1000
46	946
817	823
352	723
780	941
577	841
917	946
650	831
810	820
755	884
378	897
179	953
449	777
776	943
476	651
300	425
623	849
39	798
433	954
452	967
157	790
418	831
627	712
398	852
442	895
645	729
939	947
777	885
414	833
796	898
218	921
221	667
562	731
42	961
367	492
50	785
262	964
427	506
344	737
583	790
338	959
230	608
115	392
409	610
139	749
362	498
768	957
523	860
527	979
687	968
43	637
268	984
271	501
303	978
757	919
798	957
286	745
341	452
117	973
14	57
304	799
645	863
101	699
450	624
221	801
629	855
432	984
413	742
927	963
333	978
181	584
186	928
2	878
695	805
827	961
423	871
901	910
202	643
224	927
298	876
25	983
360	936
816	987
76	948
874	928
411	938
552	877
698	968
515	995
311	936
853	990
751	979
484	864
129	407
929	985
373	767
679	810
352	415
202	885
629	989
293	774
769	969
378	589
503	998
115	889
852	859
320	998
664	808
347	643
185	544
773	980
570	880
644	829
267	879
864	869
709	995
55	434
676	818
970	999
206	603
794	810
609	993
488	703
686	947
88	998
446	477
267	1000
451	821
363	708
542	939
165	952
98	962
817	878
299	952
720	945
49	777
257	955
417	944
686	839
690	958
866	891
447	944
6	676
801	947
364	909
162	960
229	721
41	670
657	902
495	840
660	944
326	775
87	264
634	891
620	727
336	968
513	601
726	894
234	957
113	896
528	909
891	961
729	899
305	837
775	786
580	776
511	676
645	905
928	964
845	966
349	799
187	737
302	687
715	856
893	899
469	800
446	853
812	910
144	222
131	926
267	329
673	980
681	841
607	626
823	961
196	799
449	979
672	728
605	738
825	970
591	803
11	753
85	702
816	921
103	985
263	974
277	872
282	987
20	987
395	864
818	967
725	739
23	992
158	628
118	1000
28	289
268	944
799	809
749	988
568	913
89	649
820	868
462	931
682	934
883	924
327	706
307	993
431	534
141	701
664	742
347	806
594	942
676	981
500	755
389	924
512	994
149	942
639	806
864	924
984	989
445	940
679	878
885	983
577	830
843	986
650	820
232	832
600	999
856	925
961	978
345	709
419	658
727	811
116	657
597	701
836	946
228	309
525	532
931	991
755	994
213	711
713	997
28	665
308	948
518	529
275	542
882	954
835	879
857	897
103	435
428	720
20	666
96	661
514	945
729	833
379	720
525	774
370	900
475	953
664	889
323	559
543	599
240	790
823	882
4	550
873	999
270	669
220	848
731	771
400	900
37	848
648	736
782	965
231	862
944	1000
252	921
429	554
467	846
398	975
24	505
750	905
851	957
689	895
446	908
647	669
705	839
292	441
509	964
605	672
173	978
803	916
622	841
797	842
250	969
761	919
208	972
309	795
185	988
515	863
83	977
224	687
503	516
203	978
313	621
557	981
216	688
78	983
496	742
513	911
339	758
86	349
265	580
600	799
911	957
737	804
66	636
520	806
649	691
781	847
607	694
804	979
174	812
628	753
380	688
314	822
594	876
709	863
795	866
855	917
800	981
423	994
918	973
596	922
697	745
908	928
457	992
691	930
639	740
892	920
308	640
869	973
406	946
533	987
786	938
82	822
802	919
325	994
864	979
231	312
753	882
155	704
790	949
614	989
521	761
364	777
952	984
850	936
371	938
393	697
868	990
667	936
465	721
878	890
778	952
537	597
440	893
981	988
747	821
565	780
914	934
652	934
743	823
247	885
550	657
935	993
403	903
926	944
497	767
664	944
750	947
631	767
650	780
903	960
376	477
465	734
26	98
803	958
103	503
461	965
796	955
666	845
377	742
872	950
242	783
127	567
747	955
345	911
248	978
757	855
539	898
668	783
921	963
962	964
772	840
502	979
436	625
730	843
334	385
536	977
346	624
610	899
395	745
307	861
529	974
615	748
358	863
707	751
705	907
11	984
902	963
257	636
615	869
403	461
876	910
293	589
769	784
702	794
619	988
834	913
378	633
416	925
649	867
728	931
814	971
695	754
832	988
758	810
529	987
408	697
573	993
807	931
848	969
484	921
825	985
473	762
1	952
288	982
711	819
163	987
452	824
658	929
520	995
258	995
348	888
950	993
991	994
259	816
414	461
567	932
350	934
820	883
861	884
873	975
382	886
776	813
514	813
734	816
725	996
463	996
752	870
493	875
556	931
745	830
215	601
643	819
481	491
475	942
912	943
680	822
19	847
965	991
569	725
16	549
398	614
678	897
898	937
172	796
498	966
900	946
201	945
456	969
877	999
733	954
893	943
645	841
543	830
548	908
620	784
724	841
5	925
349	735
421	840
798	827
949	959
7	971
617	900
460	953
26	166
740	741
430	781
559	666
545	731
397	604
657	972
113	845
168	515
525	789
230	612
92	907
634	961
708	910
138	794
867	903
710	956
797	844
742	908
167	448
818	903
601	905
17	854
559	908
8	805
383	682
591	860
11	810
520	916
703	808
596	682
147	590
656	733
265	811
31	644
633	978
291	985
420	870
561	809
506	644
626	975
700	924
362	865
381	878
191	754
383	695
336	583
387	814
203	993
915	970
115	880
552	881
785	860
876	978
480	749
829	866
595	699
719	994
600	814
424	817
299	822
206	365
450	991
706	917
417	814
183	647
155	814
134	462
713	812
878	879
509	524
385	717
739	986
706	809
889	930
433	650
792	997
410	666
778	833
748	927
25	532
852	984
57	484
637	830
801	938
842	939
468	994
597	879
905	995
638	651
817	882
299	956
497	648
755	943
488	828
419	957
565	782
933	949
844	877
673	729
893	998
81	854
590	960
48	677
805	885
810	1000
400	836
782	901
441	608
173	793
715	847
164	973
16	846
613	836
558	900
62	962
659	952
411	621
130	315
261	798
696	726
723	829
305	841
117	790
837	850
601	839
647	726
399	624
564	957
292	498
89	169
300	618
525	965
337	914
571	852
879	968
423	688
936	950
573	632
619	748
476	965
913	966
333	916
47	293
131	930
76	994
869	896
510	963
587	917
91	750
504	919
237	804
545	920
244	699
371	740
684	971
480	912
559	976
774	864
237	925
807	812
20	173
746	802
517	979
584	740
616	692
855	974
695	756
63	516
820	872
765	936
773	797
387	990
602	915
795	815
211	764
901	982
376	868
802	976
862	990
134	288
447	748
875	929
199	417
746	815
470	880
52	892
93	893
795	936
514	923
82	1000
445	823
857	996
667	872
326	350
33	1000
303	595
674	767
796	878
6	264
685	818
938	998
68	849
365	547
282	778
227	842
755	998
326	821
653	721
861	899
537	775
715	781
866	950
796	891
741	955
840	934
859	947
193	332
449	783
836	963
406	561
20	791
717	719
870	961
507	909
653	963
854	953
138	783
694	735
86	98
523	853
710	945
784	894
388	665
585	950
819	888
698	827
939	953
763	956
923	945
496	612
941	962
437	971
830	902
117	966
654	676
874	908
731	896
953	972
791	910
474	974
105	848
554	674
867	905
289	928
53	163
710	958
443	843
869	951
322	324
272	732
79	566
629	969
758	854
64	931
702	959
881	961
922	962
72	297
724	977
691	800
622	966
200	977
682	980
2	992
43	993
332	867
814	907
934	972
832	924
50	925
432	990
834	970
705	856
770	985
214	767
616	747
712	980
249	990
629	982
183	636
725	919
596	805
114	765
964	972
366	757
226	454
443	977
897	918
704	752
468	741
244	996
404	985
271	641
651	862
18	949
549	814
773	973
451	693
248	593
542	811
795	991
456	542
13	467
808	930
711	997
315	539
862	937
447	695
755	811
493	811
947	981
603	942
195	888
336	827
704	994
476	578
519	948
417	937
21	937
309	586
199	714
176	996
83	768
160	722
99	483
68	904
122	386
989	991
204	950
106	378
405	940
699	892
611	779
627	989
80	325
835	938
921	941
379	658
453	607
659	712
736	895
815	959
23	730
914	938
501	540
551	886
93	974
159	776
527	677
824	900
287	961
548	965
796	838
823	941
215	792
316	844
839	885
402	618
701	951
409	779
543	779
854	900
812	903
913	955
932	968
605	610
33	384
520	731
632	972
318	782
309	962
881	895
485	895
886	973
462	911
723	952
346	736
860	957
538	906
920	971
837	973
436	629
155	616
876	901
633	914
578	978
215	926
297	965
619	750
932	981
825	855
217	972
492	911
392	973
571	975
464	849
887	915
684	852
353	981
950	971
177	755
570	686
797	914
621	917
781	906
244	930
524	984
661	989
394	645
732	869
536	994
135	650
737	984
401	806
437	463
616	694
198	706
277	999
459	976
514	683
827	914
510	978
582	817
477	535
707	997
218	540
892	979
748	971
767	984
357	591
362	935
651	809
744	1000
342	697
683	761
581	979
938	987
382	769
198	948
679	992
472	699
403	828
260	779
301	817
991	998
975	990
75	999
727	925
746	938
704	941
124	366
308	941
863	934
81	898
320	951
884	993
493	879
875	944
699	947
759	998
490	544
836	952
541	775
458	777
893	934
172	908
810	936
340	492
570	954
652	993
652	764
528	957
558	836
7	962
103	670
199	903
741	957
419	906
64	449
110	565
355	598
525	780
634	952
661	789
465	914
614	714
531	716
486	973
175	788
268	979
455	842
100	614
255	259
339	401
297	899
812	850
421	965
149	506
350	496
112	853
742	791
580	729
827	835
423	745
510	899
312	914
8	917
589	899
19	517
907	979
239	291
271	738
739	843
554	568
545	748
517	915
718	905
916	920
181	471
234	563
258	920
781	961
681	794
469	874
978	980
477	698
774	921
848	907
256	995
908	921
457	985
424	579
952	964
489	974
608	925
709	977
487	864
828	928
445	638
169	474
265	936
394	821
103	120
521	633
880	980
658	867
864	972
630	805
382	703
456	652
332	882
459	923
643	744
822	975
560	975
579	988
706	800
73	887
978	993
554	931
378	705
672	923
396	759
192	700
651	985
885	923
444	655
884	927
341	944
864	985
616	883
3	131
373	896
192	821
44	428
835	927
301	993
914	927
470	950
93	963
638	763
850	942
509	649
935	986
954	999
458	832
315	783
461	837
856	878
861	956
391	778
465	727
699	894
256	553
710	760
641	889
632	840
260	968
645	779
700	715
507	845
334	365
671	953
891	956
335	738
333	894
233	956
252	969
668	884
847	886
571	951
172	976
340	789
675	779
559	604
393	837
508	787
902	943
217	840
222	918
712	782
837	962
634	899
119	682
587	787
578	738
751	895
333	907
770	908
295	386
65	338
194	977
478	507
340	802
119	803
224	856
110	983
297	846
223	631
388	964
825	965
737	852
145	977
800	908
700	970
101	641
661	978
358	977
633	916
366	801
402	983
209	854
913	970
506	811
46	567
772	967
95	459
526	911
908	976
237	808
223	873
813	860
441	988
862	981
732	871
570	809
897	975
630	860
704	809
621	811
82	762
109	865
899	984
389	919
403	588
29	347
466	873
581	860
889	976
600	873
452	709
39	311
621	932
662	933
44	362
524	999
491	822
582	940
444	710
917	930
534	640
792	935
616	938
850	876
421	470
104	763
632	653
857	1000
609	935
829	938
975	992
278	835
133	417
892	994
47	902
308	943
327	956
657	831
237	245
192	768
558	825
664	992
301	940
56	843
102	959
757	890
743	992
294	900
849	893
472	943
558	946
286	487
819	987
576	1000
446	661
949	952
250	951
816	837
392	546
304	662
502	906
689	769
798	941
751	829
462	726
761	793
79	436
425	844
733	960
934	950
304	554
736	965
6	860
441	559
237	729
638	844
30	924
250	964
888	955
38	556
626	726
698	831
83	972
707	799
127	978
728	858
629	852
59	965
937	968
515	979
97	991
568	842
876	958
807	858
10	699
786	920
13	216
357	514
381	871
596	796
670	745
904	912
272	857
382	463
547	796
800	976
552	874
10	591
271	632
445	519
174	928
384	509
12	637
148	646
313	979
387	928
390	933
290	995
901	920
475	748
339	887
903	929
75	814
383	930
264	713
551	743
663	984
281	653
229	463
49	532
95	877
959	982
496	992
57	356
186	241
978	995
716	995
540	769
667	810
875	988
176	987
181	836
275	471
748	920
255	987
164	374
346	351
655	877
567	993
537	592
578	593
561	949
132	772
256	313
426	990
627	751
981	983
563	995
678	945
136	662
752	931
203	423
898	985
810	872
414	872
273	896
70	833
317	939
485	523
465	958
988	999
60	909
858	889
321	950
539	880
214	329
253	257
879	948
194	845
474	899
362	429
620	953
735	940
446	837
754	953
721	776
671	955
798	996
471	601
674	960
715	961
250	898
92	955
909	948
212	791
647	719
91	501
237	555
839	889
784	953
209	722
25	901
242	670
321	963
797	892
309	845
736	912
399	738
289	866
75	385
118	984
828	851
404	789
395	969
422	843
548	982
174	741
105	907
867	964
484	674
575	792
640	921
10	754
84	740
222	933
538	910
390	746
832	862
422	735
334	851
769	779
22	993
378	628
316	982
811	924
360	988
704	798
217	976
827	905
390	867
290	929
235	993
582	808
136	233
521	569
705	915
405	623
572	800
281	587
575	805
809	972
533	808
464	974
323	998
574	580
376	861
725	749
637	865
100	926
945	981
205	979
898	906
595	639
223	996
820	986
128	880
21	754
766	871
255	692
852	911
873	970
850	986
555	580
679	875
926	981
697	929
581	983
667	986
281	950
759	989
657	712
743	752
836	943
870	941
975	994
326	585
842	879
639	816
518	755
798	809
891	1000
662	948
285	961
641	825
701	876
35	786
141	953
783	945
29	483
521	945
923	925
548	782
653	835
152	553
143	733
960	992
248	786
251	532
738	879
743	994
710	817
440	956
508	602
95	958
747	884
296	948
557	723
194	671
37	953
872	1000
316	782
495	784
228	669
388	658
541	900
865	997
557	615
587	723
724	957
798	943
872	892
833	900
573	680
112	736
15	803
675	849
66	741
222	988
5	236
175	913
450	852
758	968
937	970
790	920
427	868
463	562
876	960
139	172
70	338
52	927
456	522
506	868
373	524
920	922
265	927
380	914
941	981
127	993
894	906
672	793
572	855
603	922
200	983
897	911
390	814
104	457
59	980
86	588
788	860
595	694
829	861
575	981
330	396
970	985
725	925
491	758
563	863
783	866
480	865
727	971
880	984
553	589
267	986
671	810
24	999
98	948
822	979
239	658
333	522
959	984
2	422
530	807
857	936
442	465
328	592
658	992
424	825
391	648
382	828
201	753
616	766
748	922
546	936
95	1000
577	774
623	890
664	928
884	931
175	471
306	954
777	805
685	987
671	823
344	428
294	836
701	931
627	753
838	936
337	654
1	439
218	962
636	721
331	610
13	944
435	667
75	361
25	540
546	949
852	992
6	675
207	436
372	769
45	374
344	670
388	713
541	955
379	893
164	739
626	770
152	850
620	726
696	950
729	898
365	850
506	560
543	893
123	270
890	937
207	678
826	952
559	837
886	966
300	842
641	906
682	907
737	843
453	855
599	909
24	678
700	961
373	566
483	963
235	861
35	278
23	978
735	955
535	601
955	958
110	866
394	396
499	678
765	797
869	891
241	504
50	973
124	922
661	861
485	901
688	735
724	917
943	961
365	984
621	681
10	756
552	810
211	517
265	982
862	972
292	856
853	923
459	969
321	510
660	730
510	971
210	938
848	966
562	572
765	931
806	969
317	512
19	818
327	934
828	987
662	695
684	979
725	980
945	983
609	805
273	590
801	975
298	354
46	813
146	522
454	638
771	988
595	762
672	982
56	713
42	815
713	983
658	818
205	284
243	539
850	988
440	824
569	709
500	875
882	940
519	888
319	534
637	880
764	921
375	880
961	977
639	926
584	990
859	929
578	650
192	880
674	883
85	488
458	999
458	770
241	772
213	939
120	711
423	483
359	993
722	816
326	816
975	996
534	765
745	948
440	837
286	370
444	956
309	768
254	832
925	1000
666	776
963	999
830	884
16	896
85	501
145	781
530	888
612	661
791	892
433	955
97	969
331	907
482	551
320	489
740	846
633	720
812	951
564	886
927	938
682	841
816	841
847	945
626	946
395	784
386	964
740	967
316	905
242	727
608	784
65	505
571	902
230	609
1	749
937	959
675	959
716	731
936	1000
251	668
72	400
27	923
310	982
566	908
29	969
846	962
698	835
45	913
348	685
601	902
348	456
853	857
654	913
318	964
656	959
274	628
642	795
499	975
67	335
375	451
399	808
807	862
600	798
591	978
228	926
443	851
121	800
589	905
718	790
649	919
528	629
693	962
354	513
610	964
802	905
702	967
108	982
663	975
126	999
533	865
202	765
59	982
381	996
917	976
540	989
342	516
908	927
493	685
873	906
60	537
607	935
753	989
310	419
609	981
246	929
697	865
53	763
433	755
396	873
556	862
905	979
215	303
799	997
838	925
917	989
958	990
158	937
194	594
218	951
741	992
138	699
606	804
446	586
611	882
630	932
294	946
574	1000
541	823
618	814
871	994
544	599
172	956
590	715
645	651
666	710
671	825
844	982
720	946
866	1000
365	489
659	707
939	990
576	938
245	838
754	944
592	653
399	487
757	949
154	427
641	774
935	992
167	366
153	956
175	715
4	833
207	667
675	772
212	782
55	798
270	723
886	955
930	998
696	831
149	204
11	728
833	836
442	951
598	673
455	890
793	885
158	374
490	847
72	105
22	513
710	887
132	910
622	774
696	723
715	965
682	788
654	955
368	369
60	216
566	613
640	791
909	952
229	964
707	737
724	906
858	906
481	919
30	983
410	450
184	898
552	799
955	960
278	681
913	963
392	968
230	906
887	910
684	847
152	986
749	976
890	952
155	503
719	804
297	852
746	907
167	971
341	858
797	909
198	809
693	788
274	804
114	586
677	965
314	876
737	979
542	740
561	753
459	971
767	858
868	910
720	746
887	923
38	160
628	928
829	918
521	573
377	528
431	764
783	923
342	692
115	235
521	923
655	923
562	695
862	987
801	977
507	530
561	995
19	712
156	946
563	812
664	864
750	867
213	699
87	294
727	920
584	871
372	692
262	820
470	998
322	871
850	990
285	952
857	885
460	926
842	991
437	942
93	903
836	947
326	589
768	934
844	929
701	880
439	880
747	996
967	999
296	831
805	937
240	899
367	711
331	788
680	942
220	957
76	912
673	902
761	786
318	711
631	942
106	791
735	999
147	334
210	619
330	950
578	786
911	932
219	853
10	450
515	851
661	905
504	958
756	950
