1	246 
2	6 
3	55 
4	5 
5	193 
6	97 
7	252 
8	291 
9	33 
10	255 
11	101 
12	278 
13	131 
14	52 
15	124 
16	43 
17	6 
18	132 
19	50 
20	220 
21	101 
22	291 
23	97 
24	251 
25	10 
26	134 
27	287 
28	227 
29	285 
30	94 
31	248 
32	237 
33	276 
34	171 
35	1 
36	284 
37	34 
38	192 
39	232 
40	206 
41	93 
42	17 
43	3 
44	278 
45	193 
46	147 
47	22 
48	200 
49	257 
50	89 
51	86 
52	193 
53	222 
54	24 
55	200 
56	222 
57	88 
58	186 
59	46 
60	51 
61	295 
62	54 
63	210 
64	110 
65	106 
66	69 
67	174 
68	217 
69	115 
70	86 
71	132 
72	2 
73	265 
74	254 
75	154 
76	169 
77	284 
78	156 
79	249 
80	14 
81	120 
82	274 
83	59 
84	144 
85	105 
86	258 
87	239 
88	128 
89	253 
90	294 
91	246 
92	67 
93	163 
94	48 
95	54 
96	205 
97	272 
98	50 
99	12 
100	26 
101	131 
102	157 
103	282 
104	150 
105	231 
106	161 
107	181 
108	35 
109	230 
110	16 
111	144 
112	153 
113	122 
114	74 
115	196 
116	89 
117	119 
118	288 
119	252 
120	127 
121	135 
122	181 
123	39 
124	258 
125	120 
126	35 
127	3 
128	167 
129	254 
130	23 
131	44 
132	13 
133	31 
134	237 
135	69 
136	12 
137	290 
138	186 
139	101 
140	23 
141	145 
142	211 
143	198 
144	42 
145	166 
146	226 
147	30 
148	128 
149	295 
150	151 
151	123 
152	3 
153	250 
154	206 
155	266 
156	271 
157	264 
158	211 
159	153 
160	86 
161	89 
162	105 
163	276 
164	132 
165	183 
166	214 
167	40 
168	233 
169	247 
170	257 
171	199 
172	176 
173	180 
174	221 
175	203 
176	170 
177	137 
178	187 
179	210 
180	17 
181	260 
182	213 
183	29 
184	160 
185	261 
186	110 
187	258 
188	290 
189	10 
190	4 
191	98 
192	64 
193	41 
194	118 
195	174 
196	60 
197	289 
198	163 
199	277 
200	4 
201	101 
202	88 
203	95 
204	52 
205	210 
206	228 
207	82 
208	167 
209	112 
210	279 
211	132 
212	191 
213	263 
214	136 
215	70 
216	293 
217	200 
218	81 
219	172 
220	128 
221	66 
222	160 
223	301 
224	31 
225	210 
226	5 
227	214 
228	39 
229	37 
230	112 
231	149 
232	157 
233	139 
234	297 
235	108 
236	101 
237	229 
238	5 
239	237 
240	236 
241	186 
242	290 
243	87 
244	171 
245	30 
246	53 
247	108 
248	225 
249	245 
250	33 
251	28 
252	57 
253	177 
254	239 
255	297 
256	58 
257	158 
258	270 
259	221 
260	293 
261	147 
262	104 
263	38 
264	266 
265	5 
266	32 
267	206 
268	220 
269	3 
270	277 
271	48 
272	171 
273	88 
274	156 
275	238 
276	136 
277	138 
278	33 
279	134 
280	10 
281	22 
282	88 
283	226 
284	66 
285	10 
286	123 
287	171 
288	17 
289	174 
290	298 
291	118 
292	175 
293	225 
294	266 
295	235 
296	44 
297	12 
298	85 
299	281 
300	18 
301	145 
302	175 
303	249 
304	152 
305	109 
306	218 
307	45 
308	222 
309	170 
310	107 
311	2 
312	36 
313	221 
314	43 
315	194 
316	253 
317	196 
318	222 
319	299 
320	284 
321	245 
322	285 
323	134 
324	251 
325	186 
326	296 
327	209 
328	205 
329	172 
330	189 
331	2 
332	70 
333	214 
334	254 
335	169 
336	159 
337	10 
338	189 
339	285 
340	89 
341	146 
342	246 
343	192 
344	101 
345	3 
346	198 
347	105 
348	10 
349	90 
350	2 
351	62 
352	64 
353	232 
354	219 
355	167 
356	84 
357	293 
358	248 
359	234 
360	141 
361	193 
362	210 
363	174 
364	49 
365	102 
366	50 
367	46 
368	245 
369	79 
370	16 
371	111 
372	298 
373	51 
374	227 
375	12 
376	106 
377	132 
378	301 
379	248 
380	193 
381	275 
382	146 
383	64 
384	240 
385	119 
386	284 
387	193 
388	14 
389	36 
390	50 
391	284 
392	12 
393	26 
394	225 
395	222 
396	81 
397	161 
398	268 
399	116 
400	228 
401	12 
402	184 
403	278 
404	139 
405	164 
406	291 
407	208 
408	174 
409	147 
410	233 
411	234 
412	185 
413	152 
414	29 
415	160 
416	83 
417	7 
418	12 
419	188 
420	157 
421	221 
422	176 
423	286 
424	142 
425	183 
426	245 
427	101 
428	82 
429	265 
430	269 
431	113 
432	209 
433	210 
434	93 
435	62 
436	51 
437	135 
438	19 
439	64 
440	282 
441	286 
442	268 
443	155 
444	199 
445	16 
446	158 
447	163 
448	51 
449	48 
450	129 
451	133 
452	43 
453	172 
454	170 
455	287 
456	147 
457	244 
458	116 
459	116 
460	199 
461	51 
462	191 
463	155 
464	295 
465	91 
466	90 
467	170 
468	24 
469	234 
470	199 
471	287 
472	139 
473	297 
474	100 
475	101 
476	273 
477	244 
478	55 
479	135 
480	25 
481	77 
482	261 
483	203 
484	139 
485	212 
486	29 
487	157 
488	280 
489	38 
490	293 
491	20 
492	218 
493	19 
494	77 
495	200 
496	137 
497	170 
498	175 
499	22 
500	12 
501	9 
502	129 
503	280 
504	188 
505	134 
506	207 
507	72 
508	297 
509	80 
510	70 
511	47 
512	219 
513	271 
514	75 
515	33 
516	203 
517	231 
518	62 
519	127 
520	21 
521	265 
522	23 
523	252 
524	100 
525	129 
526	7 
527	38 
528	273 
529	185 
530	108 
531	279 
532	67 
533	158 
534	48 
535	192 
536	105 
537	254 
538	145 
539	175 
540	119 
541	114 
542	300 
543	210 
544	175 
545	58 
546	224 
547	177 
548	224 
549	285 
550	8 
551	115 
552	195 
553	32 
554	173 
555	146 
556	270 
557	278 
558	180 
559	255 
560	65 
561	224 
562	100 
563	158 
564	130 
565	289 
566	143 
567	275 
568	272 
569	50 
570	168 
571	234 
572	44 
573	10 
574	266 
575	21 
576	22 
577	26 
578	206 
579	161 
580	107 
581	145 
582	297 
583	264 
584	45 
585	88 
586	157 
587	42 
588	149 
589	193 
590	238 
591	59 
592	224 
593	136 
594	53 
595	127 
596	271 
597	34 
598	271 
599	143 
600	39 
601	84 
602	29 
603	114 
604	118 
605	102 
606	164 
607	244 
608	271 
609	137 
610	177 
611	245 
612	255 
613	167 
614	186 
615	104 
616	248 
617	212 
618	168 
619	47 
620	114 
621	202 
622	22 
623	195 
624	54 
625	140 
626	294 
627	150 
628	107 
629	256 
630	152 
631	110 
632	7 
633	215 
634	92 
635	88 
636	254 
637	258 
638	11 
639	44 
640	150 
641	92 
642	108 
643	222 
644	236 
645	234 
646	131 
647	282 
648	92 
649	94 
650	298 
651	170 
652	286 
653	207 
654	255 
655	214 
656	48 
657	158 
658	76 
659	292 
660	144 
661	175 
662	147 
663	156 
664	20 
665	22 
666	193 
667	279 
668	244 
669	288 
670	179 
671	247 
672	162 
673	194 
674	285 
675	168 
676	124 
677	56 
678	158 
679	146 
680	283 
681	168 
682	189 
683	181 
684	133 
685	148 
686	178 
687	273 
688	189 
689	252 
690	44 
691	113 
692	175 
693	253 
694	206 
695	156 
696	59 
697	147 
698	235 
699	150 
700	179 
701	45 
702	92 
703	111 
704	270 
705	5 
706	210 
707	101 
708	193 
709	41 
710	92 
711	23 
712	46 
713	59 
714	195 
715	228 
716	69 
717	193 
718	33 
719	282 
720	140 
721	117 
722	206 
723	183 
724	170 
725	42 
726	62 
727	270 
728	118 
729	246 
730	219 
731	246 
732	101 
733	215 
734	74 
735	179 
736	97 
737	157 
738	161 
739	7 
740	225 
741	38 
742	169 
743	119 
744	7 
745	224 
746	128 
747	134 
748	121 
749	95 
750	293 
751	134 
752	258 
753	115 
754	169 
755	36 
756	251 
757	276 
758	202 
759	138 
760	224 
761	264 
762	181 
763	202 
764	250 
765	218 
766	172 
767	90 
768	165 
769	109 
770	248 
771	96 
772	25 
773	136 
774	81 
775	190 
776	189 
777	46 
778	238 
779	279 
780	42 
781	107 
782	157 
783	68 
784	277 
785	246 
786	14 
787	265 
788	109 
789	91 
790	151 
791	183 
792	231 
793	41 
794	110 
795	233 
796	200 
797	7 
798	16 
799	24 
800	270 
801	285 
802	46 
803	53 
804	94 
805	150 
806	228 
807	91 
808	190 
809	10 
810	165 
811	116 
812	155 
813	205 
814	29 
815	271 
816	26 
817	159 
818	126 
819	38 
820	62 
821	181 
822	62 
823	278 
824	226 
825	240 
826	231 
827	246 
828	147 
829	232 
830	137 
831	250 
832	289 
833	225 
834	12 
835	52 
836	293 
837	279 
838	266 
839	58 
840	75 
841	128 
842	134 
843	162 
844	20 
845	249 
846	162 
847	233 
848	300 
849	4 
850	42 
851	136 
852	100 
853	88 
854	239 
855	156 
856	265 
857	60 
858	109 
859	124 
860	127 
861	119 
862	190 
863	223 
864	210 
865	135 
866	133 
867	226 
868	66 
869	59 
870	60 
871	243 
872	55 
873	70 
874	88 
875	117 
876	242 
877	285 
878	267 
879	116 
880	203 
881	47 
882	243 
883	177 
884	266 
885	66 
886	138 
887	249 
888	148 
889	267 
890	54 
891	253 
892	300 
893	164 
894	168 
895	100 
896	81 
897	223 
898	257 
899	11 
900	100 
901	93 
902	53 
903	101 
904	249 
905	110 
906	230 
907	10 
908	153 
909	241 
910	171 
911	153 
912	147 
913	19 
914	155 
915	277 
916	184 
917	237 
918	270 
919	270 
920	116 
921	210 
922	86 
923	81 
924	27 
925	177 
926	224 
927	124 
928	134 
929	293 
930	162 
931	225 
932	149 
933	191 
934	137 
935	56 
936	126 
937	230 
938	7 
939	296 
940	88 
941	202 
942	5 
943	242 
944	185 
945	59 
946	203 
947	164 
948	206 
949	50 
950	70 
951	116 
952	94 
953	297 
954	207 
955	228 
956	116 
957	135 
958	85 
959	214 
960	270 
961	27 
962	93 
963	127 
964	285 
965	180 
966	21 
967	216 
968	176 
969	16 
970	228 
971	8 
972	19 
973	260 
974	83 
975	136 
976	6 
977	210 
978	138 
979	29 
980	164 
981	17 
982	53 
983	36 
984	131 
985	196 
986	237 
987	188 
988	141 
989	156 
990	38 
991	58 
992	21 
993	84 
994	142 
995	168 
996	67 
997	154 
998	301 
999	259 
1000	111 
1001	257 
1002	216 
1003	284 
1004	115 
1005	189 
1006	122 
1007	272 
1008	249 
1009	206 
1010	235 
1011	148 
1012	147 
1013	28 
1014	209 
1015	227 
1016	205 
1017	101 
1018	128 
1019	177 
1020	162 
1021	135 
1022	238 
1023	186 
1024	164 
1025	94 
1026	263 
1027	240 
1028	242 
1029	97 
1030	143 
1031	101 
1032	202 
1033	255 
1034	158 
1035	216 
1036	45 
1037	272 
1038	225 
1039	50 
1040	186 
1041	255 
1042	211 
1043	125 
1044	86 
1045	269 
1046	67 
1047	216 
1048	261 
1049	273 
1050	57 
1051	20 
1052	58 
1053	221 
1054	136 
1055	170 
1056	146 
1057	199 
1058	170 
1059	276 
1060	133 
1061	42 
1062	175 
1063	34 
1064	157 
1065	80 
1066	268 
1067	18 
1068	191 
1069	95 
1070	88 
1071	97 
1072	176 
1073	46 
1074	118 
1075	151 
1076	274 
1077	32 
1078	252 
1079	33 
1080	138 
1081	110 
1082	160 
1083	20 
1084	230 
1085	129 
1086	125 
1087	107 
1088	123 
1089	154 
1090	199 
1091	6 
1092	63 
1093	252 
1094	91 
1095	278 
1096	124 
1097	232 
1098	105 
1099	208 
1100	203 
1101	94 
1102	246 
1103	129 
1104	58 
1105	131 
1106	267 
1107	99 
1108	250 
1109	113 
1110	262 
1111	132 
1112	184 
1113	243 
1114	231 
1115	234 
1116	293 
1117	36 
1118	270 
1119	133 
1120	26 
1121	46 
1122	5 
1123	37 
1124	279 
1125	172 
1126	154 
1127	190 
1128	138 
1129	17 
1130	32 
1131	294 
1132	57 
1133	39 
1134	124 
1135	288 
1136	261 
1137	2 
1138	117 
1139	66 
1140	7 
1141	211 
1142	299 
1143	224 
1144	213 
1145	254 
1146	156 
1147	278 
1148	156 
1149	45 
1150	171 
1151	223 
1152	146 
1153	27 
1154	110 
1155	26 
1156	107 
1157	49 
1158	250 
1159	4 
1160	207 
1161	34 
1162	118 
1163	235 
1164	221 
1165	246 
1166	38 
1167	192 
1168	237 
1169	111 
1170	216 
1171	73 
1172	54 
1173	69 
1174	270 
1175	284 
1176	123 
1177	237 
1178	279 
1179	189 
1180	228 
1181	68 
1182	62 
1183	238 
1184	33 
1185	161 
1186	156 
1187	3 
1188	176 
1189	248 
1190	281 
1191	216 
1192	65 
1193	38 
1194	47 
1195	113 
1196	41 
1197	268 
1198	22 
1199	153 
1200	162 
1201	229 
1202	82 
1203	6 
1204	138 
1205	78 
1206	38 
1207	150 
1208	277 
1209	240 
1210	282 
1211	242 
1212	5 
1213	174 
1214	295 
1215	169 
1216	132 
1217	23 
1218	226 
1219	51 
1220	215 
1221	31 
1222	47 
1223	270 
1224	252 
1225	253 
1226	224 
1227	69 
1228	162 
1229	50 
1230	79 
1231	269 
1232	175 
1233	19 
1234	282 
1235	25 
1236	44 
1237	284 
1238	35 
1239	205 
1240	103 
1241	162 
1242	135 
1243	102 
1244	274 
1245	123 
1246	28 
1247	12 
1248	86 
1249	224 
1250	38 
1251	190 
1252	215 
1253	235 
1254	233 
1255	261 
1256	144 
1257	80 
1258	260 
1259	130 
1260	26 
1261	47 
1262	57 
1263	69 
1264	139 
1265	118 
1266	103 
1267	128 
1268	241 
1269	78 
1270	122 
1271	212 
1272	230 
1273	46 
1274	155 
1275	292 
1276	116 
1277	167 
1278	124 
1279	57 
1280	12 
1281	111 
1282	107 
1283	73 
1284	3 
1285	146 
1286	285 
1287	24 
1288	177 
1289	123 
1290	270 
1291	159 
1292	280 
1293	233 
1294	44 
1295	110 
1296	12 
1297	16 
1298	222 
1299	291 
1300	200 
1301	79 
1302	49 
1303	67 
1304	6 
1305	210 
1306	213 
1307	171 
1308	119 
1309	187 
1310	256 
1311	136 
1312	117 
1313	123 
1314	181 
1315	180 
1316	191 
1317	246 
1318	61 
1319	119 
1320	138 
1321	123 
1322	96 
1323	266 
1324	161 
1325	167 
1326	70 
1327	1 
1328	278 
1329	201 
1330	296 
1331	284 
1332	219 
1333	238 
1334	101 
1335	177 
1336	74 
1337	207 
1338	63 
1339	248 
1340	46 
1341	149 
1342	290 
1343	77 
1344	72 
1345	160 
1346	72 
1347	289 
1348	143 
1349	104 
1350	187 
1351	296 
1352	243 
1353	274 
1354	276 
1355	48 
1356	119 
1357	282 
1358	243 
1359	11 
1360	235 
1361	240 
1362	56 
1363	141 
1364	278 
1365	223 
1366	170 
1367	186 
1368	119 
1369	126 
1370	66 
1371	208 
1372	30 
1373	155 
1374	201 
1375	147 
1376	106 
1377	80 
1378	51 
1379	91 
1380	252 
1381	33 
1382	166 
1383	51 
1384	144 
1385	151 
1386	84 
1387	110 
1388	20 
1389	163 
1390	301 
1391	22 
1392	282 
1393	5 
1394	154 
1395	109 
1396	226 
1397	208 
1398	157 
1399	239 
1400	173 
1401	301 
1402	240 
1403	119 
1404	28 
1405	282 
1406	148 
1407	14 
1408	22 
1409	187 
1410	24 
1411	199 
1412	219 
1413	25 
1414	278 
1415	155 
1416	63 
1417	42 
1418	73 
1419	188 
1420	62 
1421	94 
1422	235 
1423	78 
1424	205 
1425	84 
1426	137 
1427	179 
1428	197 
1429	205 
1430	214 
1431	283 
1432	284 
1433	295 
1434	15 
1435	147 
1436	246 
1437	297 
1438	20 
1439	82 
1440	211 
1441	27 
1442	158 
1443	244 
1444	243 
1445	247 
1446	273 
1447	132 
1448	207 
1449	243 
1450	50 
1451	208 
1452	131 
1453	62 
1454	93 
1455	194 
1456	301 
1457	126 
1458	255 
1459	246 
1460	277 
1461	300 
1462	138 
1463	143 
1464	223 
1465	268 
1466	139 
1467	30 
1468	252 
1469	98 
1470	211 
1471	206 
1472	267 
1473	29 
1474	206 
1475	240 
1476	133 
1477	296 
1478	157 
1479	290 
1480	11 
1481	116 
1482	218 
1483	233 
1484	251 
1485	45 
1486	274 
1487	262 
1488	175 
1489	226 
1490	225 
1491	40 
1492	68 
1493	148 
1494	135 
1495	115 
1496	252 
1497	269 
1498	269 
1499	73 
1500	179 
1501	220 
1502	254 
1503	247 
1504	30 
1505	48 
1506	33 
1507	223 
1508	20 
1509	262 
1510	203 
1511	99 
1512	181 
1513	166 
1514	144 
1515	51 
1516	101 
1517	77 
1518	239 
1519	50 
1520	245 
1521	26 
1522	157 
1523	234 
1524	85 
1525	187 
1526	17 
1527	177 
1528	255 
1529	176 
1530	159 
1531	258 
1532	87 
1533	20 
1534	155 
1535	278 
1536	54 
1537	135 
1538	113 
1539	208 
1540	183 
1541	178 
1542	102 
1543	237 
1544	32 
1545	161 
1546	85 
1547	71 
1548	43 
1549	195 
1550	78 
1551	205 
1552	208 
1553	258 
1554	156 
1555	62 
1556	77 
1557	104 
1558	140 
1559	83 
1560	16 
1561	131 
1562	203 
1563	237 
1564	45 
1565	280 
1566	197 
1567	212 
1568	89 
1569	269 
1570	43 
1571	160 
1572	295 
1573	222 
1574	217 
1575	282 
1576	282 
1577	245 
1578	282 
1579	89 
1580	294 
1581	21 
1582	112 
1583	89 
1584	40 
1585	184 
1586	229 
1587	12 
1588	71 
1589	161 
1590	22 
1591	61 
1592	214 
1593	160 
1594	108 
1595	239 
1596	279 
1597	263 
1598	248 
1599	203 
1600	300 
1601	143 
1602	28 
1603	33 
1604	88 
1605	295 
1606	284 
1607	294 
1608	131 
1609	296 
1610	129 
1611	129 
1612	201 
1613	217 
1614	145 
1615	256 
1616	15 
1617	38 
1618	203 
1619	145 
1620	271 
1621	298 
1622	146 
1623	152 
1624	59 
1625	88 
1626	42 
1627	158 
1628	7 
1629	54 
1630	54 
1631	131 
1632	69 
1633	32 
1634	92 
1635	88 
1636	47 
1637	116 
1638	263 
1639	189 
1640	206 
1641	167 
1642	101 
1643	22 
1644	40 
1645	167 
1646	20 
1647	60 
1648	175 
1649	63 
1650	114 
1651	176 
1652	81 
1653	94 
1654	145 
1655	15 
1656	5 
1657	265 
1658	201 
1659	18 
1660	188 
1661	28 
1662	177 
1663	87 
1664	22 
1665	22 
1666	55 
1667	96 
1668	295 
1669	33 
1670	1 
1671	120 
1672	14 
1673	258 
1674	263 
1675	41 
1676	256 
1677	296 
1678	182 
1679	201 
1680	34 
1681	88 
1682	252 
1683	204 
1684	39 
1685	170 
1686	124 
1687	155 
1688	20 
1689	29 
1690	245 
1691	63 
1692	86 
1693	187 
1694	137 
1695	109 
1696	267 
1697	296 
1698	4 
1699	182 
1700	52 
1701	72 
1702	245 
1703	7 
1704	208 
1705	196 
1706	162 
1707	82 
1708	82 
1709	273 
1710	62 
1711	146 
1712	97 
1713	297 
1714	286 
1715	110 
1716	268 
1717	15 
1718	278 
1719	267 
1720	58 
1721	278 
1722	170 
1723	214 
1724	230 
1725	172 
1726	20 
1727	18 
1728	273 
1729	218 
1730	127 
1731	185 
1732	57 
1733	66 
1734	182 
1735	173 
1736	270 
1737	51 
1738	49 
1739	79 
1740	125 
1741	273 
1742	76 
1743	271 
1744	206 
1745	62 
1746	207 
1747	63 
1748	191 
1749	130 
1750	225 
1751	201 
1752	250 
1753	288 
1754	169 
1755	285 
1756	240 
1757	206 
1758	250 
1759	97 
1760	136 
1761	162 
1762	189 
1763	10 
1764	142 
1765	252 
1766	223 
1767	89 
1768	242 
1769	165 
1770	83 
1771	33 
1772	249 
1773	62 
1774	121 
1775	149 
1776	181 
1777	299 
1778	105 
1779	299 
1780	147 
1781	197 
1782	42 
1783	86 
1784	208 
1785	39 
1786	60 
1787	57 
1788	179 
1789	225 
1790	44 
1791	136 
1792	93 
1793	141 
1794	72 
1795	240 
1796	116 
1797	220 
1798	17 
1799	48 
1800	182 
1801	126 
1802	187 
1803	213 
1804	242 
1805	253 
1806	135 
1807	66 
1808	253 
1809	59 
1810	204 
1811	209 
1812	241 
1813	70 
1814	108 
1815	170 
1816	175 
1817	138 
1818	164 
1819	222 
1820	89 
1821	250 
1822	242 
1823	107 
1824	133 
1825	258 
1826	163 
1827	150 
1828	157 
1829	230 
1830	188 
1831	164 
1832	133 
1833	168 
1834	123 
1835	279 
1836	255 
1837	230 
1838	161 
1839	282 
1840	227 
1841	192 
1842	139 
1843	251 
1844	113 
1845	203 
1846	125 
1847	131 
1848	192 
1849	70 
1850	158 
1851	85 
1852	11 
1853	188 
1854	264 
1855	210 
1856	86 
1857	154 
1858	51 
1859	71 
1860	110 
1861	12 
1862	29 
1863	31 
1864	133 
1865	157 
1866	11 
1867	78 
1868	3 
1869	235 
1870	2 
1871	293 
1872	245 
1873	259 
1874	5 
1875	74 
1876	11 
1877	111 
1878	72 
1879	215 
1880	195 
1881	138 
1882	192 
1883	256 
1884	280 
1885	176 
1886	253 
1887	78 
1888	101 
1889	237 
1890	255 
1891	3 
1892	59 
1893	185 
1894	284 
1895	254 
1896	274 
1897	116 
1898	266 
1899	135 
1900	46 
1901	213 
1902	226 
1903	126 
1904	198 
1905	19 
1906	289 
1907	214 
1908	167 
1909	113 
1910	229 
1911	130 
1912	177 
1913	161 
1914	45 
1915	98 
1916	135 
1917	57 
1918	69 
1919	129 
1920	254 
1921	233 
1922	231 
1923	160 
1924	221 
1925	213 
1926	72 
1927	257 
1928	187 
1929	9 
1930	25 
1931	254 
1932	90 
1933	98 
1934	221 
1935	56 
1936	127 
1937	179 
1938	152 
1939	59 
1940	183 
1941	258 
1942	246 
1943	36 
1944	228 
1945	156 
1946	250 
1947	62 
1948	46 
1949	178 
1950	64 
1951	60 
1952	169 
1953	56 
1954	119 
1955	154 
1956	223 
1957	33 
1958	38 
1959	156 
1960	96 
1961	52 
1962	26 
1963	241 
1964	301 
1965	46 
1966	265 
1967	178 
1968	78 
1969	44 
1970	61 
1971	21 
1972	136 
1973	146 
1974	199 
1975	169 
1976	251 
1977	159 
1978	159 
1979	15 
1980	273 
1981	259 
1982	258 
1983	169 
1984	75 
1985	269 
1986	92 
1987	199 
1988	126 
1989	143 
1990	147 
1991	141 
1992	125 
1993	77 
1994	37 
1995	87 
1996	29 
1997	293 
1998	288 
1999	81 
2000	255 
2001	183 
2002	20 
2003	209 
2004	137 
2005	39 
2006	73 
2007	113 
2008	215 
2009	70 
2010	271 
2011	149 
2012	21 
2013	156 
2014	235 
2015	211 
2016	297 
2017	286 
2018	184 
2019	296 
2020	78 
2021	75 
2022	107 
2023	98 
2024	199 
2025	102 
2026	214 
2027	130 
2028	10 
2029	181 
2030	86 
2031	64 
2032	150 
2033	166 
2034	138 
2035	14 
2036	182 
2037	123 
2038	224 
2039	129 
2040	218 
2041	218 
2042	20 
2043	185 
2044	282 
2045	12 
2046	49 
2047	246 
2048	50 
2049	251 
2050	248 
2051	242 
2052	230 
2053	233 
2054	204 
2055	267 
2056	84 
2057	189 
2058	250 
2059	185 
2060	164 
2061	61 
2062	122 
2063	286 
2064	290 
2065	79 
2066	26 
2067	268 
2068	194 
2069	117 
2070	259 
2071	43 
2072	143 
2073	207 
2074	215 
2075	148 
2076	215 
2077	209 
2078	139 
2079	235 
2080	189 
2081	268 
2082	94 
2083	207 
2084	79 
2085	8 
2086	19 
2087	99 
2088	212 
2089	35 
2090	270 
2091	4 
2092	102 
2093	266 
2094	12 
2095	198 
2096	223 
2097	186 
2098	191 
2099	230 
2100	298 
2101	26 
2102	299 
2103	28 
2104	264 
2105	116 
2106	234 
2107	265 
2108	69 
2109	80 
2110	160 
2111	78 
2112	82 
2113	104 
2114	70 
2115	112 
2116	12 
2117	157 
2118	111 
2119	166 
2120	131 
2121	76 
2122	110 
2123	132 
2124	138 
2125	23 
2126	138 
2127	78 
2128	211 
2129	6 
2130	270 
2131	47 
2132	139 
2133	88 
2134	269 
2135	4 
2136	279 
2137	76 
2138	191 
2139	33 
2140	70 
2141	209 
2142	85 
2143	125 
2144	291 
2145	300 
2146	13 
2147	18 
2148	227 
2149	186 
2150	108 
2151	166 
2152	233 
2153	101 
2154	73 
2155	256 
2156	279 
2157	298 
2158	258 
2159	145 
2160	42 
2161	27 
2162	297 
2163	200 
2164	34 
2165	84 
2166	288 
2167	297 
2168	6 
2169	67 
2170	112 
2171	96 
2172	1 
2173	260 
2174	144 
2175	235 
2176	25 
2177	259 
2178	118 
2179	176 
2180	85 
2181	247 
2182	33 
2183	42 
2184	261 
2185	178 
2186	94 
2187	227 
2188	81 
2189	249 
2190	132 
2191	145 
2192	131 
2193	285 
2194	270 
2195	229 
2196	246 
2197	217 
2198	189 
2199	287 
2200	287 
2201	296 
2202	31 
2203	246 
2204	60 
2205	63 
2206	77 
2207	42 
2208	280 
2209	255 
2210	74 
2211	143 
2212	121 
2213	217 
2214	211 
2215	62 
2216	208 
2217	120 
2218	158 
2219	77 
2220	197 
2221	171 
2222	228 
2223	20 
2224	210 
2225	12 
2226	208 
2227	33 
2228	268 
2229	199 
2230	24 
2231	152 
2232	244 
2233	225 
2234	32 
2235	71 
2236	271 
2237	193 
2238	51 
2239	145 
2240	118 
2241	187 
2242	254 
2243	264 
2244	238 
2245	62 
2246	79 
2247	44 
2248	214 
2249	54 
2250	145 
2251	77 
2252	109 
2253	87 
2254	141 
2255	7 
2256	125 
2257	280 
2258	286 
2259	288 
2260	8 
2261	118 
2262	58 
2263	171 
2264	163 
2265	145 
2266	269 
2267	256 
2268	67 
2269	71 
2270	99 
2271	100 
2272	126 
2273	136 
2274	125 
2275	50 
2276	112 
2277	162 
2278	105 
2279	157 
2280	197 
2281	255 
2282	201 
2283	73 
2284	58 
2285	159 
2286	2 
2287	268 
2288	193 
2289	258 
2290	236 
2291	16 
2292	140 
2293	229 
2294	264 
2295	41 
2296	210 
2297	267 
2298	209 
2299	165 
2300	94 
2301	262 
2302	48 
2303	2 
2304	289 
2305	66 
2306	179 
2307	139 
2308	35 
2309	128 
2310	290 
2311	51 
2312	227 
2313	243 
2314	50 
2315	252 
2316	85 
2317	204 
2318	231 
2319	265 
2320	205 
2321	74 
2322	91 
2323	56 
2324	99 
2325	127 
2326	190 
2327	119 
2328	191 
2329	161 
2330	230 
2331	220 
2332	2 
2333	106 
2334	130 
2335	203 
2336	88 
2337	174 
2338	216 
2339	173 
2340	205 
2341	166 
2342	124 
2343	145 
2344	171 
2345	81 
2346	143 
2347	246 
2348	263 
2349	230 
2350	222 
2351	74 
2352	104 
2353	276 
2354	176 
2355	279 
2356	251 
2357	154 
2358	140 
2359	275 
2360	116 
2361	277 
2362	70 
2363	60 
2364	101 
2365	295 
2366	141 
2367	282 
2368	75 
2369	77 
2370	274 
2371	72 
2372	54 
2373	188 
2374	8 
2375	229 
2376	91 
2377	266 
2378	147 
2379	226 
2380	254 
2381	73 
2382	107 
2383	106 
2384	274 
2385	212 
2386	75 
2387	103 
2388	260 
2389	276 
2390	277 
2391	225 
2392	135 
2393	277 
2394	48 
2395	30 
2396	51 
2397	279 
2398	179 
2399	57 
2400	28 
2401	160 
2402	104 
2403	265 
2404	157 
2405	97 
2406	71 
2407	70 
2408	108 
2409	84 
2410	44 
2411	29 
2412	93 
2413	100 
2414	196 
2415	121 
2416	29 
2417	161 
2418	301 
2419	60 
2420	154 
2421	53 
2422	121 
2423	138 
2424	9 
2425	255 
2426	21 
2427	163 
2428	216 
2429	68 
2430	223 
2431	89 
2432	281 
2433	199 
2434	258 
2435	267 
2436	48 
2437	175 
2438	140 
2439	261 
2440	88 
2441	158 
2442	234 
2443	267 
2444	95 
2445	171 
2446	104 
2447	51 
2448	77 
2449	159 
2450	1 
2451	47 
2452	62 
2453	40 
2454	75 
2455	156 
2456	148 
2457	110 
2458	80 
2459	58 
2460	300 
2461	237 
2462	217 
2463	216 
2464	26 
2465	147 
2466	144 
2467	68 
2468	120 
2469	4 
2470	118 
2471	110 
2472	184 
2473	172 
2474	85 
2475	295 
2476	56 
2477	223 
2478	282 
2479	299 
2480	125 
2481	190 
2482	245 
2483	253 
2484	246 
2485	98 
2486	273 
2487	69 
2488	91 
2489	144 
2490	110 
2491	244 
2492	229 
2493	64 
2494	88 
2495	6 
2496	160 
2497	191 
2498	183 
2499	288 
2500	295 
2501	96 
2502	278 
2503	26 
2504	213 
2505	86 
2506	270 
2507	107 
2508	45 
2509	255 
2510	242 
2511	56 
2512	112 
2513	127 
2514	159 
2515	9 
2516	252 
2517	5 
2518	40 
2519	178 
2520	193 
2521	181 
2522	18 
2523	3 
2524	26 
2525	246 
2526	296 
2527	251 
2528	59 
2529	187 
2530	179 
2531	92 
2532	74 
2533	292 
2534	129 
2535	105 
2536	35 
2537	181 
2538	92 
2539	182 
2540	2 
2541	200 
2542	134 
2543	43 
2544	35 
2545	138 
2546	73 
2547	16 
2548	110 
2549	8 
2550	38 
2551	164 
2552	180 
2553	252 
2554	68 
2555	86 
2556	138 
2557	44 
2558	48 
2559	200 
2560	205 
2561	132 
2562	219 
2563	157 
2564	274 
2565	76 
2566	138 
2567	243 
2568	273 
2569	114 
2570	251 
2571	286 
2572	75 
2573	136 
2574	39 
2575	76 
2576	66 
2577	39 
2578	166 
2579	27 
2580	190 
2581	64 
2582	270 
2583	271 
2584	16 
2585	152 
2586	234 
2587	295 
2588	70 
2589	162 
2590	179 
2591	277 
2592	164 
2593	180 
2594	208 
2595	135 
2596	66 
2597	83 
2598	84 
2599	21 
2600	200 
2601	260 
2602	28 
2603	189 
2604	181 
2605	275 
2606	222 
2607	48 
2608	113 
2609	39 
2610	224 
2611	144 
2612	159 
2613	172 
2614	301 
2615	127 
2616	191 
2617	22 
2618	249 
2619	193 
2620	31 
2621	157 
2622	291 
2623	91 
2624	174 
2625	73 
2626	219 
2627	97 
2628	240 
2629	236 
2630	156 
2631	140 
2632	164 
2633	224 
2634	78 
2635	175 
2636	160 
2637	49 
2638	108 
2639	297 
2640	183 
2641	161 
2642	206 
2643	52 
2644	12 
2645	98 
2646	142 
2647	183 
2648	152 
2649	7 
2650	235 
2651	245 
2652	119 
2653	298 
2654	169 
2655	291 
2656	238 
2657	242 
2658	203 
2659	295 
2660	278 
2661	97 
2662	44 
2663	184 
2664	218 
2665	216 
2666	134 
2667	195 
2668	43 
2669	28 
2670	45 
2671	184 
2672	92 
2673	67 
2674	178 
2675	197 
2676	100 
2677	187 
2678	220 
2679	265 
2680	252 
2681	28 
2682	282 
2683	287 
2684	170 
2685	86 
2686	297 
2687	28 
2688	232 
2689	90 
2690	126 
2691	180 
2692	134 
2693	93 
2694	279 
2695	229 
2696	267 
2697	242 
2698	96 
2699	249 
2700	93 
2701	147 
2702	63 
2703	139 
2704	168 
2705	158 
2706	43 
2707	68 
2708	87 
2709	2 
2710	274 
2711	51 
2712	270 
2713	14 
2714	152 
2715	188 
2716	122 
2717	81 
2718	290 
2719	118 
2720	83 
2721	159 
2722	2 
2723	140 
2724	169 
2725	287 
2726	211 
2727	235 
2728	143 
2729	108 
2730	28 
2731	117 
2732	121 
2733	274 
2734	146 
2735	135 
2736	32 
2737	119 
2738	89 
2739	78 
2740	261 
2741	95 
2742	224 
2743	116 
2744	278 
2745	191 
2746	232 
2747	222 
2748	206 
2749	47 
2750	231 
2751	86 
2752	13 
2753	181 
2754	262 
2755	69 
2756	136 
2757	68 
2758	268 
2759	13 
2760	98 
2761	102 
2762	8 
2763	169 
2764	76 
2765	51 
2766	278 
2767	128 
2768	50 
2769	79 
2770	301 
2771	294 
2772	224 
2773	66 
2774	135 
2775	252 
2776	272 
2777	9 
2778	117 
2779	283 
2780	129 
2781	215 
2782	33 
2783	205 
2784	269 
2785	233 
2786	219 
2787	224 
2788	229 
2789	115 
2790	271 
2791	245 
2792	124 
2793	107 
2794	204 
2795	162 
2796	2 
2797	55 
2798	88 
2799	196 
2800	293 
2801	129 
2802	189 
2803	69 
2804	194 
2805	97 
2806	162 
2807	286 
2808	144 
2809	54 
2810	216 
2811	51 
2812	280 
2813	8 
2814	280 
2815	264 
2816	21 
2817	286 
2818	192 
2819	167 
2820	163 
2821	172 
2822	279 
2823	178 
2824	278 
2825	22 
2826	267 
2827	139 
2828	11 
2829	129 
2830	180 
2831	274 
2832	126 
2833	204 
2834	62 
2835	226 
2836	105 
2837	39 
2838	16 
2839	207 
2840	298 
2841	56 
2842	28 
2843	281 
2844	29 
2845	140 
2846	50 
2847	234 
2848	152 
2849	164 
2850	154 
2851	131 
2852	63 
2853	67 
2854	203 
2855	103 
2856	53 
2857	105 
2858	283 
2859	203 
2860	187 
2861	205 
2862	295 
2863	17 
2864	298 
2865	104 
2866	53 
2867	300 
2868	261 
2869	301 
2870	77 
2871	217 
2872	1 
2873	190 
2874	86 
2875	143 
2876	266 
2877	62 
2878	69 
2879	148 
2880	72 
2881	142 
2882	6 
2883	269 
2884	238 
2885	141 
2886	49 
2887	255 
2888	117 
2889	181 
2890	203 
2891	128 
2892	59 
2893	132 
2894	200 
2895	272 
2896	182 
2897	210 
2898	94 
2899	297 
2900	297 
2901	109 
2902	254 
2903	89 
2904	12 
2905	138 
2906	46 
2907	157 
2908	74 
2909	200 
2910	216 
2911	49 
2912	19 
2913	207 
2914	205 
2915	74 
2916	9 
2917	110 
2918	251 
2919	79 
2920	98 
2921	251 
2922	86 
2923	156 
2924	191 
2925	52 
2926	117 
2927	285 
2928	39 
2929	194 
2930	99 
2931	171 
2932	217 
2933	2 
2934	106 
2935	217 
2936	67 
2937	281 
2938	41 
2939	27 
2940	230 
2941	214 
2942	166 
2943	8 
2944	155 
2945	5 
2946	191 
2947	177 
2948	168 
2949	191 
2950	59 
2951	176 
2952	272 
2953	117 
2954	156 
2955	117 
2956	104 
2957	201 
2958	70 
2959	19 
2960	262 
2961	59 
2962	145 
2963	229 
2964	139 
2965	211 
2966	288 
2967	190 
2968	153 
2969	73 
2970	57 
2971	284 
2972	51 
2973	7 
2974	136 
2975	262 
2976	173 
2977	18 
2978	201 
2979	275 
2980	102 
2981	227 
2982	26 
2983	5 
2984	124 
2985	122 
2986	92 
2987	123 
2988	94 
2989	231 
2990	294 
2991	59 
2992	267 
2993	13 
2994	187 
2995	203 
2996	216 
2997	235 
2998	249 
2999	208 
3000	57 
3001	240 
3002	286 
3003	216 
3004	70 
3005	10 
3006	164 
3007	146 
3008	120 
3009	130 
3010	65 
3011	211 
3012	74 
3013	222 
3014	197 
3015	46 
3016	25 
3017	291 
3018	253 
3019	62 
3020	126 
3021	26 
3022	288 
3023	72 
3024	2 
3025	266 
3026	94 
3027	268 
3028	260 
3029	28 
3030	214 
3031	73 
3032	268 
3033	3 
3034	47 
3035	91 
3036	267 
3037	188 
3038	164 
3039	164 
3040	102 
3041	297 
3042	257 
3043	132 
3044	282 
3045	284 
3046	88 
3047	81 
3048	189 
3049	246 
3050	119 
3051	8 
3052	257 
3053	172 
3054	120 
3055	25 
3056	103 
3057	285 
3058	200 
3059	184 
3060	177 
3061	238 
3062	59 
3063	251 
3064	199 
3065	97 
3066	140 
3067	188 
3068	193 
3069	216 
3070	268 
3071	8 
3072	222 
3073	224 
3074	98 
3075	170 
3076	247 
3077	116 
3078	96 
3079	76 
3080	222 
3081	142 
3082	12 
3083	100 
3084	233 
3085	256 
3086	157 
3087	41 
3088	69 
3089	75 
3090	263 
3091	243 
3092	136 
3093	199 
3094	19 
3095	6 
3096	44 
3097	270 
3098	277 
3099	276 
3100	227 
3101	159 
3102	10 
3103	216 
3104	165 
3105	271 
3106	163 
3107	162 
3108	291 
3109	118 
3110	284 
3111	291 
3112	237 
3113	255 
3114	147 
3115	74 
3116	88 
3117	282 
3118	38 
3119	57 
3120	140 
3121	249 
3122	118 
3123	70 
3124	48 
3125	162 
3126	232 
3127	1 
3128	292 
3129	179 
3130	22 
3131	53 
3132	181 
3133	187 
3134	156 
3135	37 
3136	222 
3137	268 
3138	48 
3139	194 
3140	104 
3141	88 
3142	17 
3143	91 
3144	107 
3145	64 
3146	301 
3147	30 
3148	172 
3149	214 
3150	161 
3151	140 
3152	46 
3153	213 
3154	242 
3155	114 
3156	92 
3157	180 
3158	174 
3159	113 
3160	2 
3161	204 
3162	268 
3163	241 
3164	27 
3165	82 
3166	84 
3167	18 
3168	81 
3169	157 
3170	41 
3171	272 
3172	9 
3173	155 
3174	4 
3175	182 
3176	212 
3177	29 
3178	89 
3179	86 
3180	254 
3181	105 
3182	89 
3183	8 
3184	144 
3185	204 
3186	111 
3187	58 
3188	215 
3189	57 
3190	92 
3191	286 
3192	18 
3193	13 
3194	157 
3195	32 
3196	66 
3197	193 
3198	187 
3199	220 
3200	281 
3201	188 
3202	117 
3203	204 
3204	241 
3205	286 
3206	51 
3207	146 
3208	295 
3209	46 
3210	208 
3211	94 
3212	164 
3213	82 
3214	167 
3215	227 
3216	26 
3217	2 
3218	182 
3219	176 
3220	28 
3221	89 
3222	29 
3223	223 
3224	82 
3225	125 
3226	162 
3227	120 
3228	144 
3229	59 
3230	252 
3231	266 
3232	7 
3233	201 
3234	220 
3235	128 
3236	259 
3237	216 
3238	134 
3239	283 
3240	8 
3241	184 
3242	146 
3243	287 
3244	16 
3245	177 
3246	272 
3247	192 
3248	52 
3249	70 
3250	170 
3251	184 
3252	49 
3253	49 
3254	117 
3255	273 
3256	122 
3257	20 
3258	198 
3259	185 
3260	20 
3261	260 
3262	256 
3263	44 
3264	20 
3265	250 
3266	274 
3267	250 
3268	249 
3269	41 
3270	92 
3271	188 
3272	2 
3273	157 
3274	214 
3275	256 
3276	92 
3277	1 
3278	73 
3279	170 
3280	280 
3281	97 
3282	136 
3283	155 
3284	238 
3285	43 
3286	38 
3287	76 
3288	79 
3289	174 
3290	2 
3291	124 
3292	102 
3293	240 
3294	162 
3295	135 
3296	4 
3297	51 
3298	179 
3299	194 
3300	282 
3301	77 
3302	129 
3303	19 
3304	26 
3305	24 
3306	260 
3307	161 
3308	208 
3309	201 
3310	75 
3311	138 
3312	149 
3313	159 
3314	202 
3315	278 
3316	276 
3317	190 
3318	183 
3319	29 
3320	267 
3321	154 
3322	54 
3323	139 
3324	195 
3325	104 
3326	170 
3327	117 
3328	133 
3329	59 
3330	205 
3331	189 
3332	221 
3333	181 
3334	77 
3335	126 
3336	159 
3337	25 
3338	154 
3339	158 
3340	236 
3341	43 
3342	112 
3343	62 
3344	284 
3345	10 
3346	278 
3347	215 
3348	123 
3349	61 
3350	215 
3351	210 
3352	146 
3353	24 
3354	124 
3355	22 
3356	61 
3357	147 
3358	296 
3359	165 
3360	241 
3361	199 
3362	18 
3363	201 
3364	295 
3365	107 
3366	108 
3367	11 
3368	63 
3369	24 
3370	296 
3371	289 
3372	69 
3373	299 
3374	44 
3375	252 
3376	42 
3377	98 
3378	285 
3379	279 
3380	263 
3381	154 
3382	250 
3383	106 
3384	250 
3385	243 
3386	213 
3387	193 
3388	191 
3389	249 
3390	283 
3391	160 
3392	281 
3393	150 
3394	102 
3395	282 
3396	4 
3397	9 
3398	120 
3399	278 
3400	109 
3401	245 
3402	291 
3403	255 
3404	131 
3405	95 
3406	138 
3407	18 
3408	9 
3409	256 
3410	139 
3411	58 
3412	148 
3413	109 
3414	91 
3415	109 
3416	212 
3417	104 
3418	285 
3419	221 
3420	56 
3421	298 
3422	61 
3423	112 
3424	258 
3425	221 
3426	243 
3427	229 
3428	158 
3429	84 
3430	289 
3431	88 
3432	150 
3433	238 
3434	66 
3435	21 
3436	143 
3437	232 
3438	183 
3439	112 
3440	50 
3441	248 
3442	38 
3443	36 
3444	189 
3445	161 
3446	111 
3447	177 
3448	147 
3449	249 
3450	284 
3451	13 
3452	249 
3453	195 
3454	22 
3455	250 
3456	22 
3457	197 
3458	242 
3459	190 
3460	204 
3461	11 
3462	219 
3463	107 
3464	43 
3465	207 
3466	290 
3467	243 
3468	10 
3469	224 
3470	104 
3471	121 
3472	227 
3473	42 
3474	143 
3475	186 
3476	186 
3477	259 
3478	251 
3479	149 
3480	48 
3481	285 
3482	256 
3483	209 
3484	105 
3485	44 
3486	278 
3487	167 
3488	200 
3489	155 
3490	238 
3491	286 
3492	51 
3493	117 
3494	46 
3495	279 
3496	99 
3497	301 
3498	26 
3499	163 
3500	11 
3501	295 
3502	37 
3503	165 
3504	180 
3505	228 
3506	234 
3507	91 
3508	156 
3509	297 
3510	48 
3511	258 
3512	112 
3513	272 
3514	287 
3515	156 
3516	139 
3517	223 
3518	254 
3519	12 
3520	239 
3521	167 
3522	141 
3523	148 
3524	44 
3525	59 
3526	16 
3527	138 
3528	206 
3529	268 
3530	107 
3531	171 
3532	50 
3533	267 
3534	224 
3535	14 
3536	162 
3537	47 
3538	14 
3539	46 
3540	205 
3541	67 
3542	213 
3543	186 
3544	101 
3545	19 
3546	196 
3547	195 
3548	33 
3549	210 
3550	134 
3551	192 
3552	299 
3553	253 
3554	55 
3555	191 
3556	139 
3557	22 
3558	162 
3559	33 
3560	214 
3561	235 
3562	229 
3563	276 
3564	286 
3565	74 
3566	112 
3567	5 
3568	279 
3569	75 
3570	70 
3571	44 
3572	85 
3573	32 
3574	212 
3575	172 
3576	27 
3577	226 
3578	272 
3579	41 
3580	163 
3581	5 
3582	100 
3583	28 
3584	37 
3585	174 
3586	82 
3587	169 
3588	251 
3589	282 
3590	81 
3591	154 
3592	131 
3593	19 
3594	87 
3595	5 
3596	9 
3597	128 
3598	118 
3599	79 
3600	172 
3601	162 
3602	248 
3603	107 
3604	46 
3605	94 
3606	193 
3607	91 
3608	165 
3609	3 
3610	142 
3611	132 
3612	164 
3613	161 
3614	39 
3615	260 
3616	30 
3617	121 
3618	215 
3619	205 
3620	176 
3621	225 
3622	181 
3623	108 
3624	76 
3625	292 
3626	279 
3627	212 
3628	133 
3629	103 
3630	91 
3631	150 
3632	191 
3633	4 
3634	65 
3635	215 
3636	170 
3637	50 
3638	172 
3639	113 
3640	157 
3641	276 
3642	90 
3643	18 
3644	22 
3645	234 
3646	255 
3647	80 
3648	266 
3649	78 
3650	113 
3651	289 
3652	229 
3653	279 
3654	213 
3655	236 
3656	249 
3657	35 
3658	187 
3659	256 
3660	255 
3661	117 
3662	282 
3663	238 
3664	221 
3665	197 
3666	130 
3667	131 
3668	24 
3669	107 
3670	104 
3671	61 
3672	224 
3673	174 
3674	292 
3675	200 
3676	247 
3677	114 
3678	206 
3679	40 
3680	158 
3681	96 
3682	48 
3683	301 
3684	224 
3685	94 
3686	126 
3687	228 
3688	191 
3689	111 
3690	34 
3691	283 
3692	225 
3693	150 
3694	166 
3695	187 
3696	13 
3697	225 
3698	261 
3699	59 
3700	153 
3701	139 
3702	180 
3703	269 
3704	14 
3705	139 
3706	48 
3707	236 
3708	267 
3709	161 
3710	206 
3711	86 
3712	158 
3713	157 
3714	51 
3715	270 
3716	174 
3717	48 
3718	87 
3719	35 
3720	160 
3721	127 
3722	118 
3723	84 
3724	10 
3725	293 
3726	221 
3727	1 
3728	285 
3729	226 
3730	79 
3731	79 
3732	75 
3733	52 
3734	197 
3735	158 
3736	143 
3737	130 
3738	48 
3739	147 
3740	241 
3741	102 
3742	16 
3743	68 
3744	113 
3745	176 
3746	278 
3747	265 
3748	46 
3749	101 
3750	232 
3751	37 
3752	246 
3753	28 
3754	211 
3755	43 
3756	31 
3757	65 
3758	269 
3759	294 
3760	222 
3761	117 
3762	266 
3763	211 
3764	42 
3765	71 
3766	69 
3767	253 
3768	33 
3769	20 
3770	52 
3771	204 
3772	117 
3773	296 
3774	174 
3775	162 
3776	155 
3777	172 
3778	23 
3779	226 
3780	91 
3781	243 
3782	67 
3783	219 
3784	272 
3785	214 
3786	232 
3787	294 
3788	78 
3789	232 
3790	141 
3791	292 
3792	254 
3793	125 
3794	59 
3795	151 
3796	127 
3797	138 
3798	192 
3799	150 
3800	70 
3801	115 
3802	229 
3803	130 
3804	139 
3805	49 
3806	13 
3807	74 
3808	32 
3809	164 
3810	75 
3811	74 
3812	124 
3813	262 
3814	80 
3815	28 
3816	213 
3817	134 
3818	89 
3819	42 
3820	168 
3821	186 
3822	257 
3823	90 
3824	118 
3825	251 
3826	147 
3827	38 
3828	240 
3829	50 
3830	248 
3831	131 
3832	74 
3833	71 
3834	125 
3835	97 
3836	191 
3837	114 
3838	95 
3839	211 
3840	170 
3841	99 
3842	218 
3843	250 
3844	292 
3845	12 
3846	271 
3847	7 
3848	106 
3849	78 
3850	213 
3851	195 
3852	43 
3853	6 
3854	172 
3855	131 
3856	185 
3857	83 
3858	255 
3859	39 
3860	67 
3861	178 
3862	47 
3863	262 
3864	190 
3865	165 
3866	209 
3867	23 
3868	189 
3869	193 
3870	261 
3871	155 
3872	44 
3873	180 
3874	118 
3875	94 
3876	239 
3877	102 
3878	266 
3879	11 
3880	65 
3881	172 
3882	272 
3883	283 
3884	17 
3885	267 
3886	189 
3887	51 
3888	145 
3889	144 
3890	282 
3891	56 
3892	12 
3893	295 
3894	129 
3895	144 
3896	10 
3897	76 
3898	230 
3899	208 
3900	11 
3901	219 
3902	283 
3903	167 
3904	290 
3905	205 
3906	47 
3907	101 
3908	280 
3909	246 
3910	24 
3911	45 
3912	171 
3913	214 
3914	91 
3915	78 
3916	21 
3917	20 
3918	11 
3919	91 
3920	12 
3921	150 
3922	278 
3923	275 
3924	250 
3925	233 
3926	13 
3927	225 
3928	150 
3929	187 
3930	235 
3931	244 
3932	202 
3933	116 
3934	66 
3935	47 
3936	145 
3937	257 
3938	19 
3939	197 
3940	224 
3941	19 
3942	33 
3943	70 
3944	59 
3945	227 
3946	140 
3947	11 
3948	260 
3949	59 
3950	121 
3951	286 
3952	51 
3953	158 
3954	241 
3955	245 
3956	283 
3957	181 
3958	223 
3959	148 
3960	260 
3961	131 
3962	292 
3963	272 
3964	139 
3965	134 
3966	297 
3967	1 
3968	66 
3969	93 
3970	285 
3971	191 
3972	80 
3973	223 
3974	214 
3975	142 
3976	288 
3977	184 
3978	91 
3979	47 
3980	46 
3981	5 
3982	224 
3983	300 
3984	200 
3985	285 
3986	220 
3987	243 
3988	62 
3989	29 
3990	87 
3991	254 
3992	243 
3993	191 
3994	108 
3995	22 
3996	295 
3997	262 
3998	121 
3999	80 
4000	206 
4001	251 
4002	116 
4003	79 
4004	127 
4005	267 
4006	212 
4007	7 
4008	135 
4009	38 
4010	146 
4011	181 
4012	25 
4013	35 
4014	58 
4015	179 
4016	252 
4017	120 
4018	135 
4019	182 
4020	242 
4021	19 
4022	161 
4023	212 
4024	128 
4025	156 
4026	173 
4027	109 
4028	44 
4029	140 
4030	145 
4031	293 
4032	293 
4033	158 
4034	124 
4035	1 
4036	72 
4037	167 
4038	237 
4039	214 
4040	21 
4041	61 
4042	227 
4043	122 
4044	172 
4045	109 
4046	67 
4047	121 
4048	133 
4049	244 
4050	144 
4051	72 
4052	205 
4053	140 
4054	245 
4055	262 
4056	267 
4057	21 
4058	295 
4059	98 
4060	245 
4061	67 
4062	161 
4063	195 
4064	297 
4065	217 
4066	283 
4067	158 
4068	120 
4069	139 
4070	233 
4071	196 
4072	105 
4073	237 
4074	297 
4075	161 
4076	136 
4077	272 
4078	29 
4079	272 
4080	160 
4081	5 
4082	232 
4083	229 
4084	169 
4085	53 
4086	76 
4087	261 
4088	215 
4089	11 
4090	213 
4091	150 
4092	131 
4093	138 
4094	37 
4095	261 
4096	102 
4097	84 
4098	165 
4099	28 
4100	156 
4101	100 
4102	208 
4103	268 
4104	150 
4105	84 
4106	149 
4107	287 
4108	255 
4109	219 
4110	175 
4111	291 
4112	122 
4113	258 
4114	138 
4115	111 
4116	157 
4117	107 
4118	62 
4119	76 
4120	82 
4121	224 
4122	191 
4123	159 
4124	117 
4125	271 
4126	297 
4127	21 
4128	49 
4129	14 
4130	98 
4131	83 
4132	176 
4133	22 
4134	27 
4135	293 
4136	173 
4137	113 
4138	79 
4139	92 
4140	42 
4141	118 
4142	41 
4143	106 
4144	2 
4145	118 
4146	58 
4147	222 
4148	206 
4149	48 
4150	3 
4151	156 
4152	124 
4153	144 
4154	35 
4155	289 
4156	250 
4157	260 
4158	16 
4159	261 
4160	131 
4161	4 
4162	260 
4163	13 
4164	94 
4165	31 
4166	164 
4167	66 
4168	232 
4169	33 
4170	193 
4171	128 
4172	293 
4173	36 
4174	97 
4175	78 
4176	296 
4177	164 
4178	59 
4179	98 
4180	70 
4181	232 
4182	247 
4183	152 
4184	19 
4185	177 
4186	138 
4187	50 
4188	174 
4189	262 
4190	188 
4191	141 
4192	156 
4193	50 
4194	62 
4195	278 
4196	94 
4197	200 
4198	123 
4199	160 
4200	188 
4201	230 
4202	285 
4203	59 
4204	234 
4205	236 
4206	237 
4207	185 
4208	213 
4209	90 
4210	102 
4211	215 
4212	210 
4213	292 
4214	233 
4215	248 
4216	254 
4217	265 
4218	92 
4219	215 
4220	132 
4221	110 
4222	123 
4223	280 
4224	297 
4225	98 
4226	216 
4227	188 
4228	282 
4229	227 
4230	177 
4231	280 
4232	208 
4233	73 
4234	296 
4235	137 
4236	18 
4237	133 
4238	167 
4239	286 
4240	140 
4241	5 
4242	51 
4243	19 
4244	110 
4245	252 
4246	49 
4247	276 
4248	206 
4249	190 
4250	31 
4251	21 
4252	2 
4253	133 
4254	226 
4255	117 
4256	229 
4257	65 
4258	65 
4259	66 
4260	269 
4261	231 
4262	228 
4263	228 
4264	125 
4265	290 
4266	172 
4267	292 
4268	59 
4269	289 
4270	214 
4271	218 
4272	187 
4273	84 
4274	280 
4275	38 
4276	248 
4277	270 
4278	31 
4279	71 
4280	176 
4281	198 
4282	259 
4283	121 
4284	282 
4285	138 
4286	129 
4287	274 
4288	149 
4289	261 
4290	260 
4291	57 
4292	203 
4293	94 
4294	277 
4295	25 
4296	204 
4297	130 
4298	174 
4299	65 
4300	283 
4301	16 
4302	283 
4303	189 
4304	148 
4305	5 
4306	226 
4307	205 
4308	60 
4309	71 
4310	300 
4311	178 
4312	54 
4313	59 
4314	221 
4315	22 
4316	253 
4317	142 
4318	164 
4319	153 
4320	111 
4321	146 
4322	170 
4323	204 
4324	116 
4325	283 
4326	252 
4327	22 
4328	148 
4329	180 
4330	181 
4331	228 
4332	68 
4333	178 
4334	165 
4335	118 
4336	25 
4337	145 
4338	176 
4339	33 
4340	169 
4341	131 
4342	147 
4343	208 
4344	214 
4345	222 
4346	20 
4347	38 
4348	266 
4349	260 
4350	33 
4351	182 
4352	259 
4353	112 
4354	183 
4355	297 
4356	175 
4357	265 
4358	88 
4359	284 
4360	45 
4361	294 
4362	41 
4363	276 
4364	206 
4365	161 
4366	27 
4367	154 
4368	247 
4369	141 
4370	42 
4371	60 
4372	182 
4373	93 
4374	65 
4375	120 
4376	18 
4377	160 
4378	155 
4379	118 
4380	119 
4381	143 
4382	300 
4383	266 
4384	25 
4385	224 
4386	81 
4387	245 
4388	124 
4389	123 
4390	191 
4391	285 
4392	88 
4393	157 
4394	203 
4395	49 
4396	58 
4397	266 
4398	170 
4399	263 
4400	151 
4401	300 
4402	178 
4403	259 
4404	149 
4405	89 
4406	208 
4407	168 
4408	92 
4409	19 
4410	278 
4411	127 
4412	145 
4413	130 
4414	69 
4415	108 
4416	163 
4417	171 
4418	222 
4419	247 
4420	27 
4421	276 
4422	285 
4423	252 
4424	4 
4425	94 
4426	156 
4427	277 
4428	3 
4429	140 
4430	293 
4431	111 
4432	221 
4433	213 
4434	295 
4435	17 
4436	71 
4437	102 
4438	25 
4439	280 
4440	271 
4441	72 
4442	13 
4443	125 
4444	222 
4445	153 
4446	271 
4447	216 
4448	62 
4449	170 
4450	54 
4451	250 
4452	102 
4453	38 
4454	263 
4455	104 
4456	245 
4457	178 
4458	138 
4459	295 
4460	227 
4461	89 
4462	285 
4463	199 
4464	276 
4465	147 
4466	153 
4467	174 
4468	275 
4469	164 
4470	73 
4471	85 
4472	55 
4473	30 
4474	183 
4475	82 
4476	237 
4477	72 
4478	205 
4479	124 
4480	56 
4481	157 
4482	51 
4483	63 
4484	283 
4485	276 
4486	72 
4487	281 
4488	125 
4489	213 
4490	119 
4491	234 
4492	7 
4493	20 
4494	245 
4495	183 
4496	293 
4497	244 
4498	163 
4499	146 
4500	122 
4501	151 
4502	88 
4503	198 
4504	206 
4505	231 
4506	229 
4507	21 
4508	75 
4509	203 
4510	238 
4511	225 
4512	121 
4513	270 
4514	42 
4515	189 
4516	80 
4517	135 
4518	181 
4519	115 
4520	96 
4521	74 
4522	93 
4523	55 
4524	271 
4525	208 
4526	108 
4527	86 
4528	283 
4529	212 
4530	160 
4531	197 
4532	135 
4533	171 
4534	179 
4535	272 
4536	290 
4537	207 
4538	62 
4539	209 
4540	209 
4541	298 
4542	64 
4543	180 
4544	234 
4545	38 
4546	246 
4547	116 
4548	242 
4549	28 
4550	207 
4551	58 
4552	216 
4553	38 
4554	17 
4555	52 
4556	88 
4557	174 
4558	276 
4559	239 
4560	109 
4561	115 
4562	155 
4563	259 
4564	237 
4565	246 
4566	75 
4567	230 
4568	2 
4569	46 
4570	156 
4571	196 
4572	245 
4573	100 
4574	180 
4575	293 
4576	112 
4577	78 
4578	191 
4579	60 
4580	75 
4581	226 
4582	52 
4583	215 
4584	146 
4585	214 
4586	164 
4587	66 
4588	2 
4589	147 
4590	262 
4591	300 
4592	54 
4593	82 
4594	229 
4595	143 
4596	89 
4597	224 
4598	150 
4599	45 
4600	132 
4601	1 
4602	236 
4603	21 
4604	139 
4605	43 
4606	38 
4607	226 
4608	248 
4609	91 
4610	19 
4611	289 
4612	100 
4613	130 
4614	156 
4615	124 
4616	257 
4617	158 
4618	46 
4619	2 
4620	220 
4621	40 
4622	144 
4623	160 
4624	22 
4625	193 
4626	276 
4627	73 
4628	16 
4629	134 
4630	37 
4631	190 
4632	53 
4633	169 
4634	90 
4635	82 
4636	20 
4637	82 
4638	266 
4639	237 
4640	189 
4641	52 
4642	57 
4643	208 
4644	57 
4645	228 
4646	114 
4647	227 
4648	179 
4649	253 
4650	16 
4651	237 
4652	101 
4653	134 
4654	70 
4655	147 
4656	227 
4657	82 
4658	44 
4659	111 
4660	116 
4661	133 
4662	136 
4663	228 
4664	213 
4665	280 
4666	160 
4667	20 
4668	266 
4669	60 
4670	157 
4671	115 
4672	28 
4673	147 
4674	189 
4675	236 
4676	226 
4677	47 
4678	123 
4679	150 
4680	258 
4681	133 
4682	3 
4683	17 
4684	14 
4685	279 
4686	157 
4687	150 
4688	62 
4689	211 
4690	140 
4691	234 
4692	289 
4693	51 
4694	176 
4695	163 
4696	146 
4697	174 
4698	264 
4699	114 
4700	95 
4701	92 
4702	56 
4703	211 
4704	253 
4705	301 
4706	174 
4707	51 
4708	59 
4709	173 
4710	190 
4711	105 
4712	235 
4713	226 
4714	35 
4715	252 
4716	12 
4717	105 
4718	27 
4719	245 
4720	60 
4721	100 
4722	61 
4723	28 
4724	69 
4725	109 
4726	14 
4727	210 
4728	224 
4729	44 
4730	237 
4731	61 
4732	117 
4733	40 
4734	185 
4735	37 
4736	233 
4737	292 
4738	85 
4739	86 
4740	150 
4741	260 
4742	283 
4743	282 
4744	222 
4745	233 
4746	288 
4747	232 
4748	238 
4749	138 
4750	54 
4751	257 
4752	143 
4753	202 
4754	91 
4755	249 
4756	170 
4757	26 
4758	265 
4759	241 
4760	250 
4761	268 
4762	92 
4763	234 
4764	253 
4765	26 
4766	64 
4767	289 
4768	44 
4769	3 
4770	195 
4771	67 
4772	16 
4773	147 
4774	41 
4775	74 
4776	187 
4777	186 
4778	60 
4779	231 
4780	125 
4781	193 
4782	18 
4783	280 
4784	58 
4785	233 
4786	97 
4787	185 
4788	41 
4789	200 
4790	188 
4791	80 
4792	226 
4793	182 
4794	120 
4795	47 
4796	127 
4797	163 
4798	120 
4799	138 
4800	48 
4801	70 
4802	300 
4803	176 
4804	224 
4805	151 
4806	94 
4807	204 
4808	86 
4809	240 
4810	79 
4811	48 
4812	112 
4813	19 
4814	145 
4815	93 
4816	128 
4817	115 
4818	157 
4819	256 
4820	83 
4821	30 
4822	142 
4823	273 
4824	233 
4825	153 
4826	266 
4827	89 
4828	156 
4829	106 
4830	93 
4831	73 
4832	58 
4833	29 
4834	97 
4835	120 
4836	233 
4837	159 
4838	16 
4839	242 
4840	156 
4841	21 
4842	210 
4843	216 
4844	137 
4845	268 
4846	44 
4847	2 
4848	170 
4849	164 
4850	279 
4851	29 
4852	131 
4853	153 
4854	67 
4855	149 
4856	253 
4857	38 
4858	38 
4859	92 
4860	50 
4861	63 
4862	76 
4863	279 
4864	22 
4865	86 
4866	228 
4867	257 
4868	150 
4869	1 
4870	110 
4871	89 
4872	173 
4873	231 
4874	206 
4875	267 
4876	252 
4877	17 
4878	164 
4879	166 
4880	155 
4881	214 
4882	4 
4883	154 
4884	227 
4885	289 
4886	54 
4887	135 
4888	187 
4889	223 
4890	284 
4891	61 
4892	297 
4893	96 
4894	291 
4895	53 
4896	90 
4897	49 
4898	33 
4899	88 
4900	20 
4901	171 
4902	21 
4903	155 
4904	5 
4905	48 
4906	82 
4907	136 
4908	248 
4909	146 
4910	13 
4911	19 
4912	161 
4913	118 
4914	194 
4915	60 
4916	38 
4917	265 
4918	132 
4919	194 
4920	51 
4921	256 
4922	44 
4923	120 
4924	237 
4925	59 
4926	97 
4927	245 
4928	68 
4929	43 
4930	245 
4931	149 
4932	165 
4933	271 
4934	58 
4935	291 
4936	98 
4937	92 
4938	2 
4939	59 
4940	49 
4941	242 
4942	242 
4943	300 
4944	287 
4945	193 
4946	206 
4947	265 
4948	205 
4949	106 
4950	105 
4951	61 
4952	156 
4953	1 
4954	251 
4955	127 
4956	109 
4957	225 
4958	87 
4959	5 
4960	206 
4961	113 
4962	61 
4963	7 
4964	178 
4965	275 
4966	216 
4967	100 
4968	262 
4969	15 
4970	255 
4971	74 
4972	175 
4973	187 
4974	53 
4975	293 
4976	90 
4977	293 
4978	282 
4979	260 
4980	144 
4981	224 
4982	225 
4983	265 
4984	288 
4985	206 
4986	28 
4987	129 
4988	170 
4989	36 
4990	286 
4991	213 
4992	278 
4993	38 
4994	49 
4995	226 
4996	74 
4997	90 
4998	265 
4999	173 
5000	155 
5001	65 
5002	72 
5003	158 
5004	212 
5005	166 
5006	144 
5007	118 
5008	170 
5009	41 
5010	172 
5011	7 
5012	4 
5013	199 
5014	260 
5015	217 
5016	163 
5017	173 
5018	166 
5019	257 
5020	221 
5021	88 
5022	285 
5023	96 
5024	187 
5025	12 
5026	291 
5027	205 
5028	261 
5029	54 
5030	85 
5031	230 
5032	95 
5033	265 
5034	81 
5035	212 
5036	199 
5037	66 
5038	62 
5039	34 
5040	276 
5041	88 
5042	202 
5043	155 
5044	119 
5045	210 
5046	92 
5047	190 
5048	154 
5049	225 
5050	97 
5051	286 
5052	225 
5053	242 
5054	216 
5055	290 
5056	200 
5057	244 
5058	36 
5059	289 
5060	157 
5061	8 
5062	213 
5063	1 
5064	155 
5065	159 
5066	266 
5067	185 
5068	27 
5069	218 
5070	62 
5071	30 
5072	25 
5073	239 
5074	186 
5075	183 
5076	44 
5077	51 
5078	243 
5079	121 
5080	41 
5081	157 
5082	219 
5083	267 
5084	28 
5085	208 
5086	7 
5087	216 
5088	250 
5089	245 
5090	226 
5091	273 
5092	11 
5093	91 
5094	252 
5095	199 
5096	14 
5097	146 
5098	201 
5099	2 
5100	229 
5101	22 
5102	162 
5103	258 
5104	73 
5105	87 
5106	214 
5107	262 
5108	204 
5109	32 
5110	264 
5111	174 
5112	223 
5113	66 
5114	267 
5115	78 
5116	95 
5117	139 
5118	12 
5119	58 
5120	208 
5121	194 
5122	43 
5123	251 
5124	279 
5125	83 
5126	78 
5127	51 
5128	210 
5129	201 
5130	262 
5131	172 
5132	68 
5133	263 
5134	223 
5135	125 
5136	214 
5137	139 
5138	44 
5139	43 
5140	295 
5141	137 
5142	97 
5143	111 
5144	205 
5145	31 
5146	188 
5147	204 
5148	4 
5149	33 
5150	208 
5151	84 
5152	44 
5153	253 
5154	112 
5155	266 
5156	186 
5157	59 
5158	29 
5159	186 
5160	46 
5161	37 
5162	86 
5163	110 
5164	237 
5165	161 
5166	157 
5167	68 
5168	101 
5169	276 
5170	250 
5171	123 
5172	71 
5173	298 
5174	292 
5175	117 
5176	95 
5177	230 
5178	156 
5179	293 
5180	28 
5181	111 
5182	228 
5183	36 
5184	229 
5185	177 
5186	239 
5187	139 
5188	51 
5189	124 
5190	206 
5191	230 
5192	287 
5193	20 
5194	29 
5195	124 
5196	85 
5197	141 
5198	231 
5199	162 
5200	74 
5201	129 
5202	52 
5203	257 
5204	206 
5205	205 
5206	117 
5207	214 
5208	237 
5209	216 
5210	220 
5211	26 
5212	88 
5213	168 
5214	132 
5215	74 
5216	9 
5217	130 
5218	24 
5219	129 
5220	213 
5221	159 
5222	145 
5223	165 
5224	148 
5225	229 
5226	84 
5227	224 
5228	13 
5229	245 
5230	43 
5231	64 
5232	235 
5233	5 
5234	198 
5235	161 
5236	33 
5237	76 
5238	284 
5239	288 
5240	140 
5241	32 
5242	139 
5243	292 
5244	122 
5245	164 
5246	161 
5247	161 
5248	24 
5249	28 
5250	190 
5251	175 
5252	216 
5253	28 
5254	117 
5255	85 
5256	169 
5257	71 
5258	58 
5259	78 
5260	297 
5261	230 
5262	109 
5263	239 
5264	143 
5265	261 
5266	25 
5267	153 
5268	289 
5269	42 
5270	122 
5271	143 
5272	90 
5273	42 
5274	1 
5275	22 
5276	200 
5277	285 
5278	48 
5279	218 
5280	82 
5281	288 
5282	137 
5283	1 
5284	84 
5285	298 
5286	7 
5287	266 
5288	27 
5289	274 
5290	168 
5291	79 
5292	25 
5293	24 
5294	136 
5295	240 
5296	60 
5297	226 
5298	130 
5299	37 
5300	131 
5301	7 
5302	16 
5303	160 
5304	217 
5305	48 
5306	26 
5307	22 
5308	19 
5309	153 
5310	100 
5311	142 
5312	179 
5313	186 
5314	190 
5315	5 
5316	265 
5317	158 
5318	120 
5319	207 
5320	178 
5321	278 
5322	110 
5323	192 
5324	12 
5325	39 
5326	223 
5327	102 
5328	41 
5329	90 
5330	96 
5331	272 
5332	235 
5333	140 
5334	29 
5335	293 
5336	4 
5337	124 
5338	88 
5339	20 
5340	146 
5341	56 
5342	198 
5343	171 
5344	259 
5345	160 
5346	182 
5347	174 
5348	85 
5349	166 
5350	115 
5351	242 
5352	224 
5353	283 
5354	225 
5355	238 
5356	189 
5357	142 
5358	213 
5359	49 
5360	7 
5361	188 
5362	18 
5363	57 
5364	212 
5365	228 
5366	223 
5367	255 
5368	273 
5369	29 
5370	82 
5371	75 
5372	51 
5373	199 
5374	123 
5375	204 
5376	284 
5377	93 
5378	47 
5379	29 
5380	295 
5381	252 
5382	267 
5383	283 
5384	263 
5385	152 
5386	20 
5387	58 
5388	60 
5389	231 
5390	246 
5391	235 
5392	38 
5393	289 
5394	207 
5395	272 
5396	169 
5397	82 
5398	100 
5399	116 
5400	185 
5401	29 
5402	93 
5403	263 
5404	82 
5405	155 
5406	213 
5407	283 
5408	245 
5409	84 
5410	48 
5411	265 
5412	88 
5413	79 
5414	92 
5415	99 
5416	85 
5417	273 
5418	79 
5419	277 
5420	247 
5421	114 
5422	38 
5423	29 
5424	196 
5425	90 
5426	19 
5427	206 
5428	99 
5429	203 
5430	187 
5431	284 
5432	282 
5433	246 
5434	160 
5435	148 
5436	240 
5437	90 
5438	110 
5439	242 
5440	251 
5441	244 
5442	53 
5443	144 
5444	250 
5445	171 
5446	4 
5447	48 
5448	280 
5449	28 
5450	77 
5451	184 
5452	7 
5453	266 
5454	296 
5455	72 
5456	233 
5457	232 
5458	179 
5459	124 
5460	186 
5461	160 
5462	139 
5463	294 
5464	235 
5465	189 
5466	15 
5467	59 
5468	246 
5469	255 
5470	293 
5471	278 
5472	179 
5473	226 
5474	192 
5475	200 
5476	202 
5477	84 
5478	243 
5479	247 
5480	166 
5481	161 
5482	60 
5483	200 
5484	106 
5485	51 
5486	203 
5487	47 
5488	26 
5489	198 
5490	222 
5491	49 
5492	125 
5493	194 
5494	21 
5495	31 
5496	97 
5497	73 
5498	94 
5499	199 
5500	33 
5501	57 
5502	260 
5503	77 
5504	27 
5505	53 
5506	236 
5507	33 
5508	131 
5509	96 
5510	140 
5511	18 
5512	296 
5513	243 
5514	136 
5515	222 
5516	195 
5517	130 
5518	237 
5519	52 
5520	184 
5521	278 
5522	26 
5523	254 
5524	213 
5525	174 
5526	118 
5527	84 
5528	246 
5529	278 
5530	137 
5531	272 
5532	99 
5533	120 
5534	205 
5535	244 
5536	220 
5537	155 
5538	51 
5539	142 
5540	266 
5541	183 
5542	112 
5543	264 
5544	104 
5545	83 
5546	6 
5547	239 
5548	42 
5549	246 
5550	92 
5551	111 
5552	125 
5553	47 
5554	273 
5555	280 
5556	102 
5557	262 
5558	137 
5559	139 
5560	291 
5561	224 
5562	245 
5563	213 
5564	1 
5565	91 
5566	208 
5567	293 
5568	11 
5569	189 
5570	23 
5571	28 
5572	200 
5573	186 
5574	117 
5575	203 
5576	106 
5577	5 
5578	194 
5579	160 
5580	235 
5581	155 
5582	215 
5583	114 
5584	199 
5585	31 
5586	109 
5587	265 
5588	247 
5589	92 
5590	149 
5591	282 
5592	103 
5593	253 
5594	292 
5595	70 
5596	233 
5597	289 
5598	216 
5599	33 
5600	79 
5601	19 
5602	106 
5603	207 
5604	175 
5605	15 
5606	107 
5607	109 
5608	107 
5609	104 
5610	186 
5611	74 
5612	179 
5613	66 
5614	79 
5615	236 
5616	155 
5617	171 
5618	144 
5619	124 
5620	262 
5621	288 
5622	148 
5623	210 
5624	12 
5625	227 
5626	186 
5627	199 
5628	53 
5629	220 
5630	219 
5631	272 
5632	93 
5633	202 
5634	238 
5635	30 
5636	39 
5637	215 
5638	171 
5639	77 
5640	166 
5641	271 
5642	90 
5643	123 
5644	140 
5645	13 
5646	258 
5647	40 
5648	249 
5649	260 
5650	199 
5651	241 
5652	146 
5653	221 
5654	187 
5655	218 
5656	273 
5657	76 
5658	187 
5659	224 
5660	131 
5661	205 
5662	49 
5663	186 
5664	235 
5665	245 
5666	174 
5667	88 
5668	280 
5669	172 
5670	162 
5671	60 
5672	213 
5673	165 
5674	239 
5675	203 
5676	265 
5677	198 
5678	39 
5679	145 
5680	82 
5681	143 
5682	43 
5683	218 
5684	81 
5685	12 
5686	77 
5687	276 
5688	72 
5689	193 
5690	163 
5691	53 
5692	162 
5693	162 
5694	171 
5695	123 
5696	138 
5697	65 
5698	161 
5699	28 
5700	248 
5701	85 
5702	152 
5703	241 
5704	132 
5705	81 
5706	59 
5707	230 
5708	207 
5709	117 
5710	127 
5711	83 
5712	19 
5713	31 
5714	162 
5715	255 
5716	80 
5717	227 
5718	36 
5719	296 
5720	36 
5721	144 
5722	109 
5723	34 
5724	14 
5725	156 
5726	248 
5727	100 
5728	205 
5729	207 
5730	83 
5731	285 
5732	170 
5733	61 
5734	45 
5735	77 
5736	19 
5737	228 
5738	25 
5739	241 
5740	102 
5741	154 
5742	80 
5743	146 
5744	74 
5745	141 
5746	153 
5747	20 
5748	15 
5749	227 
5750	110 
5751	258 
5752	164 
5753	133 
5754	172 
5755	294 
5756	203 
5757	179 
5758	81 
5759	123 
5760	151 
5761	202 
5762	221 
5763	17 
5764	135 
5765	279 
5766	216 
5767	265 
5768	52 
5769	131 
5770	50 
5771	50 
5772	189 
5773	148 
5774	59 
5775	259 
5776	34 
5777	205 
5778	25 
5779	139 
5780	50 
5781	217 
5782	58 
5783	200 
5784	98 
5785	212 
5786	281 
5787	101 
5788	300 
5789	280 
5790	192 
5791	252 
5792	104 
5793	87 
5794	1 
5795	163 
5796	109 
5797	105 
5798	44 
5799	7 
5800	220 
5801	162 
5802	118 
5803	101 
5804	39 
5805	233 
5806	264 
5807	214 
5808	167 
5809	287 
5810	104 
5811	37 
5812	10 
5813	89 
5814	125 
5815	236 
5816	204 
5817	292 
5818	55 
5819	278 
5820	145 
5821	267 
5822	206 
5823	226 
5824	52 
5825	31 
5826	234 
5827	34 
5828	189 
5829	64 
5830	115 
5831	300 
5832	226 
5833	107 
5834	154 
5835	134 
5836	208 
5837	299 
5838	274 
5839	190 
5840	166 
5841	31 
5842	75 
5843	40 
5844	173 
5845	68 
5846	92 
5847	179 
5848	118 
5849	221 
5850	113 
5851	282 
5852	189 
5853	10 
5854	47 
5855	92 
5856	187 
5857	63 
5858	77 
5859	154 
5860	176 
5861	232 
5862	29 
5863	60 
5864	127 
5865	53 
5866	38 
5867	40 
5868	226 
5869	54 
5870	19 
5871	53 
5872	68 
5873	70 
5874	101 
5875	156 
5876	267 
5877	144 
5878	250 
5879	260 
5880	111 
5881	274 
5882	124 
5883	47 
5884	191 
5885	174 
5886	28 
5887	53 
5888	233 
5889	34 
5890	2 
5891	231 
5892	139 
5893	19 
5894	186 
5895	275 
5896	85 
5897	100 
5898	196 
5899	153 
5900	283 
5901	203 
5902	89 
5903	275 
5904	288 
5905	249 
5906	156 
5907	269 
5908	253 
5909	281 
5910	267 
5911	150 
5912	6 
5913	179 
5914	183 
5915	300 
5916	235 
5917	193 
5918	64 
5919	24 
5920	10 
5921	185 
5922	162 
5923	49 
5924	101 
5925	178 
5926	272 
5927	276 
5928	239 
5929	290 
5930	274 
5931	105 
5932	297 
5933	202 
5934	69 
5935	255 
5936	111 
5937	114 
5938	80 
5939	244 
5940	149 
5941	136 
5942	114 
5943	15 
5944	123 
5945	266 
5946	54 
5947	201 
5948	107 
5949	220 
5950	218 
5951	95 
5952	26 
5953	212 
5954	147 
5955	56 
5956	118 
5957	108 
5958	15 
5959	167 
5960	142 
5961	31 
5962	42 
5963	66 
5964	122 
5965	117 
5966	294 
5967	269 
5968	265 
5969	79 
5970	100 
5971	3 
5972	144 
5973	116 
5974	79 
5975	107 
5976	34 
5977	230 
5978	210 
5979	11 
5980	230 
5981	60 
5982	99 
5983	34 
5984	284 
5985	59 
5986	159 
5987	267 
5988	164 
5989	255 
5990	30 
5991	71 
5992	51 
5993	122 
5994	48 
5995	18 
5996	23 
5997	128 
5998	144 
5999	105 
6000	118 
6001	235 
6002	143 
6003	2 
6004	91 
6005	288 
6006	208 
6007	262 
6008	80 
6009	182 
6010	28 
6011	2 
6012	51 
6013	127 
6014	243 
6015	41 
6016	37 
6017	218 
6018	207 
6019	43 
6020	298 
6021	38 
6022	237 
6023	187 
6024	210 
6025	125 
6026	122 
6027	214 
6028	145 
6029	32 
6030	122 
6031	259 
6032	232 
6033	167 
6034	222 
6035	160 
6036	168 
6037	94 
6038	240 
6039	148 
6040	121 
6041	61 
6042	38 
6043	175 
6044	135 
6045	74 
6046	285 
6047	146 
6048	187 
6049	68 
6050	267 
6051	239 
6052	146 
6053	275 
6054	26 
6055	146 
6056	41 
6057	137 
6058	77 
6059	62 
6060	151 
6061	201 
6062	186 
6063	62 
6064	262 
6065	133 
6066	59 
6067	61 
6068	282 
6069	44 
6070	276 
6071	41 
6072	124 
6073	21 
6074	31 
6075	141 
6076	218 
6077	271 
6078	24 
6079	50 
6080	205 
6081	47 
6082	110 
6083	115 
6084	273 
6085	153 
6086	174 
6087	132 
6088	81 
6089	187 
6090	89 
6091	68 
6092	258 
6093	26 
6094	284 
6095	223 
6096	297 
6097	239 
6098	94 
6099	147 
6100	126 
6101	42 
6102	153 
6103	274 
6104	121 
6105	169 
6106	290 
6107	210 
6108	10 
6109	297 
6110	158 
6111	109 
6112	88 
6113	138 
6114	20 
6115	200 
6116	290 
6117	26 
6118	218 
6119	135 
6120	70 
6121	221 
6122	296 
6123	164 
6124	56 
6125	276 
6126	147 
6127	250 
6128	250 
6129	242 
6130	210 
6131	143 
6132	178 
6133	217 
6134	36 
6135	75 
6136	64 
6137	186 
6138	55 
6139	256 
6140	242 
6141	206 
6142	243 
6143	39 
6144	53 
6145	285 
6146	186 
6147	81 
6148	45 
6149	49 
6150	139 
6151	285 
6152	169 
6153	268 
6154	208 
6155	81 
6156	281 
6157	95 
6158	124 
6159	291 
6160	215 
6161	200 
6162	271 
6163	166 
6164	264 
6165	44 
6166	195 
6167	141 
6168	266 
6169	204 
6170	191 
6171	230 
6172	129 
6173	61 
6174	48 
6175	274 
6176	275 
6177	24 
6178	105 
6179	196 
6180	239 
6181	188 
6182	211 
6183	295 
6184	156 
6185	173 
6186	22 
6187	236 
6188	69 
6189	142 
6190	217 
6191	250 
6192	138 
6193	197 
6194	270 
6195	205 
6196	137 
6197	72 
6198	251 
6199	19 
6200	131 
6201	86 
6202	70 
6203	214 
6204	117 
6205	74 
6206	215 
6207	164 
6208	222 
6209	17 
6210	237 
6211	140 
6212	70 
6213	203 
6214	94 
6215	104 
6216	115 
6217	239 
6218	170 
6219	300 
6220	84 
6221	264 
6222	4 
6223	77 
6224	147 
6225	213 
6226	77 
6227	132 
6228	105 
6229	241 
6230	184 
6231	24 
6232	212 
6233	199 
6234	215 
6235	131 
6236	7 
6237	19 
6238	85 
6239	226 
6240	57 
6241	13 
6242	117 
6243	273 
6244	230 
6245	135 
6246	19 
6247	122 
6248	11 
6249	151 
6250	228 
6251	269 
6252	147 
6253	23 
6254	105 
6255	28 
6256	232 
6257	82 
6258	174 
6259	265 
6260	72 
6261	298 
6262	46 
6263	242 
6264	299 
6265	221 
6266	65 
6267	59 
6268	206 
6269	291 
6270	142 
6271	132 
6272	36 
6273	70 
6274	257 
6275	229 
6276	88 
6277	32 
6278	190 
6279	145 
6280	9 
6281	54 
6282	35 
6283	25 
6284	37 
6285	119 
6286	39 
6287	39 
6288	12 
6289	13 
6290	177 
6291	122 
6292	169 
6293	144 
6294	164 
6295	222 
6296	293 
6297	116 
6298	262 
6299	153 
6300	129 
6301	100 
6302	48 
6303	116 
6304	24 
6305	272 
6306	100 
6307	268 
6308	232 
6309	286 
6310	256 
6311	271 
6312	27 
6313	179 
6314	49 
6315	140 
6316	64 
6317	95 
6318	123 
6319	4 
6320	199 
6321	217 
6322	107 
6323	274 
6324	275 
6325	143 
6326	215 
6327	89 
6328	266 
6329	265 
6330	5 
6331	256 
6332	80 
6333	2 
6334	84 
6335	91 
6336	276 
6337	26 
6338	10 
6339	73 
6340	64 
6341	53 
6342	50 
6343	88 
6344	68 
6345	210 
6346	71 
6347	293 
6348	160 
6349	200 
6350	140 
6351	174 
6352	173 
6353	209 
6354	248 
6355	189 
6356	275 
6357	283 
6358	62 
6359	180 
6360	40 
6361	218 
6362	159 
6363	223 
6364	39 
6365	96 
6366	174 
6367	15 
6368	15 
6369	41 
6370	200 
6371	101 
6372	120 
6373	245 
6374	253 
6375	49 
6376	228 
6377	15 
6378	174 
6379	111 
6380	35 
6381	276 
6382	267 
6383	285 
6384	223 
6385	60 
6386	67 
6387	210 
6388	112 
6389	181 
6390	239 
6391	4 
6392	114 
6393	28 
6394	133 
6395	276 
6396	171 
6397	143 
6398	190 
6399	297 
6400	126 
6401	294 
6402	91 
6403	195 
6404	16 
6405	27 
6406	277 
6407	245 
6408	301 
6409	267 
6410	213 
6411	266 
6412	271 
6413	148 
6414	37 
6415	228 
6416	189 
6417	238 
6418	94 
6419	226 
6420	199 
6421	84 
6422	208 
6423	293 
6424	197 
6425	127 
6426	198 
6427	14 
6428	174 
6429	66 
6430	46 
6431	57 
6432	253 
6433	261 
6434	22 
6435	189 
6436	27 
6437	88 
6438	219 
6439	129 
6440	231 
6441	232 
6442	98 
6443	49 
6444	21 
6445	207 
6446	145 
6447	142 
6448	124 
6449	85 
6450	249 
6451	205 
6452	24 
6453	96 
6454	53 
6455	12 
6456	6 
6457	299 
6458	220 
6459	220 
6460	121 
6461	262 
6462	188 
6463	279 
6464	249 
6465	30 
6466	129 
6467	28 
6468	174 
6469	269 
6470	74 
6471	207 
6472	188 
6473	30 
6474	32 
6475	57 
6476	154 
6477	73 
6478	279 
6479	127 
6480	185 
6481	61 
6482	32 
6483	55 
6484	236 
6485	242 
6486	170 
6487	21 
6488	53 
6489	173 
6490	36 
6491	149 
6492	37 
6493	43 
6494	270 
6495	146 
6496	286 
6497	208 
6498	14 
6499	219 
6500	234 
6501	94 
6502	116 
6503	281 
6504	74 
6505	28 
6506	207 
6507	63 
6508	297 
6509	19 
6510	219 
6511	17 
6512	41 
6513	246 
6514	96 
6515	53 
6516	157 
6517	38 
6518	209 
6519	21 
6520	33 
6521	138 
6522	287 
6523	100 
6524	143 
6525	116 
6526	225 
6527	25 
6528	262 
6529	298 
6530	138 
6531	52 
6532	124 
6533	195 
6534	293 
6535	137 
6536	101 
6537	298 
6538	190 
6539	40 
6540	201 
6541	260 
6542	229 
6543	79 
6544	13 
6545	165 
6546	26 
6547	250 
6548	243 
6549	251 
6550	191 
6551	51 
6552	232 
6553	125 
6554	135 
6555	68 
6556	66 
6557	243 
6558	74 
6559	25 
6560	298 
6561	204 
6562	135 
6563	101 
6564	134 
6565	242 
6566	162 
6567	226 
6568	229 
6569	258 
6570	191 
6571	189 
6572	108 
6573	191 
6574	154 
6575	126 
6576	73 
6577	160 
6578	24 
6579	15 
6580	198 
6581	27 
6582	255 
6583	40 
6584	52 
6585	202 
6586	292 
6587	84 
6588	152 
6589	109 
6590	131 
6591	196 
6592	202 
6593	174 
6594	251 
6595	94 
6596	89 
6597	158 
6598	152 
6599	166 
6600	28 
6601	74 
6602	168 
6603	101 
6604	223 
6605	218 
6606	206 
6607	35 
6608	244 
6609	150 
6610	34 
6611	86 
6612	200 
6613	67 
6614	5 
6615	47 
6616	92 
6617	235 
6618	68 
6619	267 
6620	162 
6621	155 
6622	217 
6623	116 
6624	65 
6625	96 
6626	54 
6627	252 
6628	254 
6629	235 
6630	209 
6631	121 
6632	268 
6633	48 
6634	129 
6635	256 
6636	293 
6637	280 
6638	226 
6639	212 
6640	107 
6641	174 
6642	100 
6643	156 
6644	297 
6645	69 
6646	95 
6647	85 
6648	272 
6649	108 
6650	42 
6651	22 
6652	299 
6653	31 
6654	25 
6655	110 
6656	162 
6657	63 
6658	129 
6659	176 
6660	62 
6661	281 
6662	9 
6663	294 
6664	216 
6665	282 
6666	62 
6667	227 
6668	270 
6669	288 
6670	156 
6671	138 
6672	259 
6673	118 
6674	140 
6675	5 
6676	45 
6677	256 
6678	249 
6679	141 
6680	12 
6681	153 
6682	107 
6683	132 
6684	231 
6685	14 
6686	272 
6687	170 
6688	244 
6689	255 
6690	75 
6691	241 
6692	295 
6693	208 
6694	171 
6695	116 
6696	162 
6697	196 
6698	234 
6699	110 
6700	148 
6701	3 
6702	117 
6703	220 
6704	51 
6705	86 
6706	284 
6707	236 
6708	96 
6709	85 
6710	76 
6711	135 
6712	161 
6713	55 
6714	63 
6715	206 
6716	79 
6717	11 
6718	119 
6719	106 
6720	169 
6721	261 
6722	183 
6723	141 
6724	60 
6725	165 
6726	69 
6727	14 
6728	40 
6729	93 
6730	251 
6731	190 
6732	15 
6733	8 
6734	144 
6735	154 
6736	69 
6737	256 
6738	113 
6739	221 
6740	301 
6741	172 
6742	42 
6743	62 
6744	205 
6745	166 
6746	210 
6747	106 
6748	12 
6749	23 
6750	145 
6751	191 
6752	240 
6753	17 
6754	279 
6755	275 
6756	272 
6757	125 
6758	71 
6759	181 
6760	75 
6761	92 
6762	163 
6763	63 
6764	189 
6765	56 
6766	65 
6767	221 
6768	132 
6769	54 
6770	89 
6771	239 
6772	223 
6773	14 
6774	88 
6775	91 
6776	60 
6777	69 
6778	244 
6779	263 
6780	102 
6781	155 
6782	117 
6783	119 
6784	124 
6785	264 
6786	159 
6787	116 
6788	284 
6789	21 
6790	78 
6791	20 
6792	174 
6793	98 
6794	139 
6795	18 
6796	154 
6797	187 
6798	190 
6799	189 
6800	250 
6801	87 
6802	71 
6803	220 
6804	56 
6805	228 
6806	96 
6807	250 
6808	206 
6809	75 
6810	131 
6811	157 
6812	89 
6813	262 
6814	191 
6815	297 
6816	129 
6817	42 
6818	291 
6819	150 
6820	149 
6821	209 
6822	202 
6823	46 
6824	205 
6825	292 
6826	35 
6827	46 
6828	172 
6829	126 
6830	162 
6831	84 
6832	177 
6833	286 
6834	68 
6835	21 
6836	122 
6837	163 
6838	168 
6839	115 
6840	91 
6841	228 
6842	153 
6843	71 
6844	91 
6845	74 
6846	207 
6847	211 
6848	250 
6849	30 
6850	199 
6851	276 
6852	26 
6853	5 
6854	137 
6855	138 
6856	193 
6857	242 
6858	218 
6859	101 
6860	188 
6861	35 
6862	228 
6863	193 
6864	53 
6865	237 
6866	19 
6867	46 
6868	19 
6869	282 
6870	128 
6871	242 
6872	134 
6873	270 
6874	25 
6875	55 
6876	210 
6877	208 
6878	253 
6879	192 
6880	237 
6881	24 
6882	169 
6883	227 
6884	160 
6885	43 
6886	163 
6887	288 
6888	82 
6889	277 
6890	219 
6891	42 
6892	10 
6893	257 
6894	265 
6895	26 
6896	54 
6897	262 
6898	62 
6899	47 
6900	262 
6901	7 
6902	230 
6903	51 
6904	145 
6905	21 
6906	193 
6907	33 
6908	290 
6909	67 
6910	45 
6911	221 
6912	119 
6913	280 
6914	91 
6915	219 
6916	14 
6917	90 
6918	64 
6919	99 
6920	88 
6921	191 
6922	201 
6923	158 
6924	203 
6925	276 
6926	191 
6927	61 
6928	143 
6929	77 
6930	50 
6931	119 
6932	278 
6933	106 
6934	193 
6935	218 
6936	30 
6937	115 
6938	246 
6939	98 
6940	52 
6941	255 
6942	106 
6943	41 
6944	264 
6945	92 
6946	200 
6947	5 
6948	105 
6949	249 
6950	159 
6951	189 
6952	92 
6953	54 
6954	29 
6955	39 
6956	88 
6957	117 
6958	284 
6959	274 
6960	252 
6961	166 
6962	250 
6963	4 
6964	3 
6965	60 
6966	200 
6967	117 
6968	162 
6969	185 
6970	261 
6971	196 
6972	264 
6973	234 
6974	111 
6975	163 
6976	276 
6977	111 
6978	94 
6979	58 
6980	169 
6981	110 
6982	144 
6983	32 
6984	110 
6985	299 
6986	5 
6987	196 
6988	182 
6989	133 
6990	266 
6991	254 
6992	58 
6993	252 
6994	269 
6995	154 
6996	229 
6997	128 
6998	37 
6999	157 
7000	207 
7001	92 
7002	25 
7003	22 
7004	236 
7005	36 
7006	17 
7007	83 
7008	197 
7009	62 
7010	19 
7011	40 
7012	218 
7013	87 
7014	69 
7015	78 
7016	7 
7017	95 
7018	16 
7019	149 
7020	171 
7021	228 
7022	181 
7023	141 
7024	151 
7025	182 
7026	82 
7027	125 
7028	209 
7029	143 
7030	272 
7031	69 
7032	102 
7033	48 
7034	18 
7035	125 
7036	133 
7037	64 
7038	196 
7039	24 
7040	232 
7041	177 
7042	198 
7043	185 
7044	181 
7045	111 
7046	169 
7047	15 
7048	204 
7049	64 
7050	200 
7051	188 
7052	178 
7053	114 
7054	198 
7055	235 
7056	192 
7057	26 
7058	220 
7059	186 
7060	275 
7061	214 
7062	50 
7063	217 
7064	171 
7065	129 
7066	189 
7067	100 
7068	245 
7069	8 
7070	96 
7071	229 
7072	225 
7073	2 
7074	196 
7075	43 
7076	82 
7077	292 
7078	246 
7079	62 
7080	42 
7081	151 
7082	229 
7083	183 
7084	223 
7085	18 
7086	46 
7087	141 
7088	48 
7089	180 
7090	120 
7091	213 
7092	277 
7093	205 
7094	207 
7095	134 
7096	112 
7097	67 
7098	89 
7099	162 
7100	7 
7101	253 
7102	55 
7103	4 
7104	289 
7105	26 
7106	12 
7107	89 
7108	270 
7109	150 
7110	66 
7111	154 
7112	34 
7113	17 
7114	31 
7115	100 
7116	15 
7117	36 
7118	214 
7119	279 
7120	38 
7121	222 
7122	181 
7123	21 
7124	112 
7125	100 
7126	259 
7127	3 
7128	213 
7129	297 
7130	228 
7131	69 
7132	3 
7133	102 
7134	191 
7135	260 
7136	129 
7137	129 
7138	247 
7139	41 
7140	94 
7141	164 
7142	156 
7143	254 
7144	260 
7145	160 
7146	122 
7147	75 
7148	210 
7149	43 
7150	30 
7151	46 
7152	297 
7153	237 
7154	48 
7155	267 
7156	279 
7157	297 
7158	97 
7159	274 
7160	195 
7161	121 
7162	98 
7163	165 
7164	261 
7165	250 
7166	259 
7167	15 
7168	242 
7169	35 
7170	242 
7171	205 
7172	218 
7173	49 
7174	202 
7175	141 
7176	206 
7177	57 
7178	112 
7179	164 
7180	4 
7181	296 
7182	117 
7183	107 
7184	256 
7185	131 
7186	98 
7187	77 
7188	115 
7189	195 
7190	47 
7191	156 
7192	255 
7193	74 
7194	160 
7195	274 
7196	39 
7197	207 
7198	278 
7199	261 
7200	184 
7201	112 
7202	175 
7203	223 
7204	221 
7205	118 
7206	29 
7207	249 
7208	205 
7209	97 
7210	179 
7211	299 
7212	220 
7213	225 
7214	267 
7215	278 
7216	38 
7217	178 
7218	146 
7219	50 
7220	55 
7221	30 
7222	98 
7223	254 
7224	37 
7225	190 
7226	93 
7227	115 
7228	40 
7229	296 
7230	132 
7231	130 
7232	193 
7233	237 
7234	87 
7235	181 
7236	202 
7237	198 
7238	275 
7239	151 
7240	289 
7241	6 
7242	178 
7243	163 
7244	226 
7245	41 
7246	37 
7247	49 
7248	1 
7249	103 
7250	221 
7251	62 
7252	267 
7253	85 
7254	223 
7255	278 
7256	163 
7257	136 
7258	188 
7259	13 
7260	9 
7261	23 
7262	231 
7263	74 
7264	37 
7265	252 
7266	111 
7267	189 
7268	181 
7269	34 
7270	41 
7271	110 
7272	268 
7273	83 
7274	91 
7275	92 
7276	41 
7277	166 
7278	245 
7279	145 
7280	9 
7281	227 
7282	295 
7283	216 
7284	38 
7285	69 
7286	244 
7287	224 
7288	50 
7289	230 
7290	7 
7291	266 
7292	104 
7293	245 
7294	76 
7295	45 
7296	142 
7297	71 
7298	76 
7299	179 
7300	25 
7301	7 
7302	81 
7303	238 
7304	184 
7305	278 
7306	296 
7307	102 
7308	280 
7309	155 
7310	64 
7311	134 
7312	141 
7313	157 
7314	36 
7315	183 
7316	267 
7317	188 
7318	252 
7319	174 
7320	246 
7321	177 
7322	276 
7323	250 
7324	236 
7325	277 
7326	185 
7327	262 
7328	93 
7329	231 
7330	58 
7331	247 
7332	77 
7333	78 
7334	156 
7335	222 
7336	202 
7337	214 
7338	134 
7339	220 
7340	138 
7341	38 
7342	275 
7343	69 
7344	5 
7345	279 
7346	265 
7347	162 
7348	299 
7349	278 
7350	72 
7351	156 
7352	23 
7353	67 
7354	200 
7355	166 
7356	79 
7357	188 
7358	131 
7359	117 
7360	250 
7361	21 
7362	200 
7363	248 
7364	94 
7365	239 
7366	115 
7367	21 
7368	270 
7369	28 
7370	254 
7371	236 
7372	125 
7373	114 
7374	118 
7375	144 
7376	292 
7377	114 
7378	194 
7379	158 
7380	250 
7381	32 
7382	259 
7383	83 
7384	222 
7385	81 
7386	20 
7387	173 
7388	57 
7389	43 
7390	287 
7391	297 
7392	2 
7393	21 
7394	21 
7395	251 
7396	131 
7397	112 
7398	239 
7399	199 
7400	282 
7401	277 
7402	38 
7403	39 
7404	241 
7405	97 
7406	16 
7407	33 
7408	150 
7409	152 
7410	283 
7411	234 
7412	124 
7413	164 
7414	160 
7415	71 
7416	237 
7417	189 
7418	7 
7419	164 
7420	134 
7421	270 
7422	159 
7423	160 
7424	144 
7425	34 
7426	201 
7427	46 
7428	48 
7429	173 
7430	70 
7431	71 
7432	196 
7433	162 
7434	212 
7435	95 
7436	105 
7437	296 
7438	81 
7439	128 
7440	225 
7441	28 
7442	171 
7443	171 
7444	158 
7445	186 
7446	272 
7447	282 
7448	141 
7449	42 
7450	216 
7451	210 
7452	180 
7453	233 
7454	209 
7455	124 
7456	81 
7457	141 
7458	38 
7459	241 
7460	269 
7461	177 
7462	9 
7463	234 
7464	295 
7465	117 
7466	124 
7467	181 
7468	274 
7469	71 
7470	275 
7471	57 
7472	179 
7473	56 
7474	236 
7475	160 
7476	102 
7477	150 
7478	240 
7479	38 
7480	120 
7481	103 
7482	280 
7483	298 
7484	161 
7485	54 
7486	203 
7487	128 
7488	279 
7489	144 
7490	36 
7491	165 
7492	140 
7493	250 
7494	182 
7495	301 
7496	33 
7497	228 
7498	211 
7499	297 
7500	157 
7501	154 
7502	8 
7503	238 
7504	282 
7505	209 
7506	105 
7507	21 
7508	251 
7509	41 
7510	266 
7511	174 
7512	27 
7513	8 
7514	44 
7515	293 
7516	81 
7517	40 
7518	250 
7519	89 
7520	208 
7521	231 
7522	237 
7523	237 
7524	179 
7525	31 
7526	206 
7527	249 
7528	187 
7529	300 
7530	266 
7531	194 
7532	263 
7533	103 
7534	58 
7535	219 
7536	153 
7537	6 
7538	23 
7539	272 
7540	203 
7541	165 
7542	140 
7543	108 
7544	116 
7545	186 
7546	113 
7547	263 
7548	190 
7549	203 
7550	191 
7551	173 
7552	139 
7553	8 
7554	252 
7555	189 
7556	156 
7557	259 
7558	12 
7559	142 
7560	124 
7561	236 
7562	224 
7563	171 
7564	200 
7565	202 
7566	77 
7567	159 
7568	266 
7569	83 
7570	195 
7571	94 
7572	233 
7573	67 
7574	38 
7575	249 
7576	126 
7577	240 
7578	82 
7579	92 
7580	147 
7581	135 
7582	210 
7583	37 
7584	110 
7585	243 
7586	261 
7587	101 
7588	126 
7589	181 
7590	17 
7591	69 
7592	26 
7593	166 
7594	220 
7595	203 
7596	273 
7597	11 
7598	298 
7599	170 
7600	103 
7601	226 
7602	17 
7603	35 
7604	186 
7605	270 
7606	190 
7607	18 
7608	262 
7609	234 
7610	146 
7611	22 
7612	89 
7613	205 
7614	131 
7615	238 
7616	226 
7617	141 
7618	235 
7619	66 
7620	237 
7621	128 
7622	252 
7623	256 
7624	193 
7625	66 
7626	22 
7627	29 
7628	196 
7629	49 
7630	153 
7631	285 
7632	47 
7633	37 
7634	34 
7635	50 
7636	117 
7637	175 
7638	266 
7639	201 
7640	187 
7641	58 
7642	162 
7643	96 
7644	187 
7645	94 
7646	255 
7647	78 
7648	63 
7649	260 
7650	288 
7651	141 
7652	44 
7653	99 
7654	179 
7655	14 
7656	257 
7657	203 
7658	90 
7659	228 
7660	208 
7661	137 
7662	11 
7663	274 
7664	239 
7665	151 
7666	208 
7667	121 
7668	208 
7669	90 
7670	142 
7671	265 
7672	104 
7673	232 
7674	258 
7675	49 
7676	300 
7677	31 
7678	67 
7679	132 
7680	212 
7681	236 
7682	1 
7683	62 
7684	235 
7685	158 
7686	295 
7687	44 
7688	141 
7689	147 
7690	188 
7691	188 
7692	294 
7693	171 
7694	201 
7695	67 
7696	128 
7697	272 
7698	30 
7699	152 
7700	150 
7701	195 
7702	189 
7703	11 
7704	122 
7705	170 
7706	256 
7707	166 
7708	34 
7709	180 
7710	31 
7711	65 
7712	40 
7713	249 
7714	274 
7715	67 
7716	156 
7717	31 
7718	300 
7719	154 
7720	122 
7721	208 
7722	173 
7723	101 
7724	64 
7725	163 
7726	91 
7727	40 
7728	78 
7729	100 
7730	276 
7731	122 
7732	274 
7733	208 
7734	205 
7735	12 
7736	56 
7737	256 
7738	136 
7739	198 
7740	194 
7741	129 
7742	280 
7743	126 
7744	173 
7745	142 
7746	212 
7747	130 
7748	276 
7749	50 
7750	178 
7751	76 
7752	296 
7753	161 
7754	154 
7755	269 
7756	58 
7757	90 
7758	40 
7759	146 
7760	131 
7761	10 
7762	286 
7763	118 
7764	283 
7765	100 
7766	107 
7767	148 
7768	239 
7769	73 
7770	197 
7771	70 
7772	224 
7773	68 
7774	223 
7775	90 
7776	116 
7777	259 
7778	193 
7779	279 
7780	191 
7781	262 
7782	104 
7783	251 
7784	236 
7785	264 
7786	90 
7787	150 
7788	234 
7789	269 
7790	104 
7791	239 
7792	297 
7793	42 
7794	99 
7795	107 
7796	81 
7797	167 
7798	237 
7799	11 
7800	228 
7801	197 
7802	65 
7803	140 
7804	284 
7805	30 
7806	242 
7807	224 
7808	275 
7809	194 
7810	37 
7811	179 
7812	12 
7813	1 
7814	212 
7815	44 
7816	209 
7817	29 
7818	171 
7819	88 
7820	36 
7821	248 
7822	212 
7823	232 
7824	143 
7825	286 
7826	295 
7827	123 
7828	225 
7829	300 
7830	26 
7831	130 
7832	253 
7833	204 
7834	7 
7835	95 
7836	135 
7837	249 
7838	143 
7839	123 
7840	23 
7841	75 
7842	250 
7843	68 
7844	140 
7845	291 
7846	42 
7847	167 
7848	134 
7849	183 
7850	256 
7851	37 
7852	51 
7853	18 
7854	213 
7855	242 
7856	208 
7857	25 
7858	6 
7859	4 
7860	151 
7861	226 
7862	62 
7863	133 
7864	69 
7865	49 
7866	89 
7867	190 
7868	29 
7869	220 
7870	295 
7871	134 
7872	150 
7873	9 
7874	116 
7875	190 
7876	99 
7877	253 
7878	96 
7879	176 
7880	98 
7881	95 
7882	90 
7883	214 
7884	144 
7885	255 
7886	161 
7887	9 
7888	115 
7889	115 
7890	129 
7891	30 
7892	182 
7893	35 
7894	248 
7895	181 
7896	9 
7897	239 
7898	178 
7899	33 
7900	106 
7901	167 
7902	114 
7903	68 
7904	37 
7905	180 
7906	298 
7907	59 
7908	260 
7909	164 
7910	229 
7911	128 
7912	169 
7913	195 
7914	251 
7915	39 
7916	41 
7917	131 
7918	284 
7919	56 
7920	48 
7921	134 
7922	286 
7923	142 
7924	228 
7925	199 
7926	132 
7927	124 
7928	262 
7929	266 
7930	167 
7931	285 
7932	191 
7933	169 
7934	33 
7935	89 
7936	225 
7937	226 
7938	69 
7939	263 
7940	93 
7941	147 
7942	247 
7943	81 
7944	213 
7945	106 
7946	262 
7947	158 
7948	55 
7949	91 
7950	33 
7951	204 
7952	160 
7953	27 
7954	121 
7955	172 
7956	245 
7957	70 
7958	154 
7959	235 
7960	99 
7961	100 
7962	156 
7963	198 
7964	196 
7965	246 
7966	157 
7967	266 
7968	253 
7969	179 
7970	33 
7971	95 
7972	203 
7973	174 
7974	91 
7975	179 
7976	111 
7977	71 
7978	156 
7979	278 
7980	223 
7981	28 
7982	34 
7983	268 
7984	225 
7985	204 
7986	193 
7987	187 
7988	130 
7989	97 
7990	61 
7991	187 
7992	293 
7993	37 
7994	190 
7995	184 
7996	216 
7997	299 
7998	145 
7999	189 
8000	208 
8001	34 
8002	186 
8003	41 
8004	93 
8005	47 
8006	193 
8007	86 
8008	272 
8009	190 
8010	239 
8011	222 
8012	9 
8013	259 
8014	68 
8015	86 
8016	122 
8017	208 
8018	47 
8019	287 
8020	232 
8021	118 
8022	129 
8023	88 
8024	233 
8025	19 
8026	276 
8027	80 
8028	255 
8029	19 
8030	145 
8031	104 
8032	113 
8033	50 
8034	39 
8035	255 
8036	23 
8037	86 
8038	169 
8039	243 
8040	104 
8041	115 
8042	258 
8043	228 
8044	251 
8045	272 
8046	113 
8047	101 
8048	140 
8049	170 
8050	77 
8051	246 
8052	236 
8053	172 
8054	47 
8055	198 
8056	229 
8057	146 
8058	181 
8059	237 
8060	195 
8061	51 
8062	258 
8063	204 
8064	129 
8065	117 
8066	12 
8067	143 
8068	187 
8069	89 
8070	42 
8071	218 
8072	254 
8073	210 
8074	209 
8075	254 
8076	33 
8077	247 
8078	232 
8079	84 
8080	142 
8081	5 
8082	28 
8083	212 
8084	10 
8085	267 
8086	274 
8087	126 
8088	129 
8089	172 
8090	102 
8091	150 
8092	146 
8093	255 
8094	107 
8095	200 
8096	22 
8097	19 
8098	154 
8099	87 
8100	151 
8101	282 
8102	279 
8103	67 
8104	217 
8105	282 
8106	281 
8107	270 
8108	92 
8109	258 
8110	200 
8111	12 
8112	212 
8113	214 
8114	242 
8115	150 
8116	158 
8117	86 
8118	237 
8119	161 
8120	230 
8121	267 
8122	134 
8123	33 
8124	59 
8125	41 
8126	45 
8127	298 
8128	84 
8129	266 
8130	34 
8131	161 
8132	87 
8133	106 
8134	21 
8135	83 
8136	173 
8137	128 
8138	39 
8139	250 
8140	194 
8141	284 
8142	14 
8143	207 
8144	195 
8145	182 
8146	86 
8147	190 
8148	145 
8149	191 
8150	207 
8151	33 
8152	170 
8153	248 
8154	212 
8155	72 
8156	263 
8157	52 
8158	296 
8159	62 
8160	69 
8161	59 
8162	5 
8163	246 
8164	253 
8165	171 
8166	190 
8167	196 
8168	288 
8169	127 
8170	242 
8171	2 
8172	221 
8173	224 
8174	8 
8175	258 
8176	156 
8177	148 
8178	148 
8179	275 
8180	84 
8181	5 
8182	234 
8183	278 
8184	181 
8185	168 
8186	231 
8187	169 
8188	81 
8189	7 
8190	295 
8191	96 
8192	50 
8193	181 
8194	265 
8195	295 
8196	97 
8197	279 
8198	33 
8199	200 
8200	211 
8201	58 
8202	293 
8203	98 
8204	66 
8205	142 
8206	103 
8207	292 
8208	58 
8209	252 
8210	168 
8211	195 
8212	176 
8213	243 
8214	190 
8215	214 
8216	118 
8217	286 
8218	230 
8219	166 
8220	84 
8221	164 
8222	70 
8223	168 
8224	104 
8225	192 
8226	223 
8227	290 
8228	63 
8229	215 
8230	212 
8231	219 
8232	240 
8233	69 
8234	17 
8235	116 
8236	176 
8237	12 
8238	252 
8239	135 
8240	146 
8241	104 
8242	181 
8243	56 
8244	43 
8245	104 
8246	295 
8247	293 
8248	98 
8249	10 
8250	144 
8251	67 
8252	207 
8253	142 
8254	1 
8255	128 
8256	119 
8257	203 
8258	86 
8259	65 
8260	1 
8261	191 
8262	213 
8263	164 
8264	186 
8265	199 
8266	141 
8267	135 
8268	72 
8269	203 
8270	20 
8271	265 
8272	161 
8273	286 
8274	19 
8275	181 
8276	148 
8277	131 
8278	145 
8279	210 
8280	36 
8281	119 
8282	132 
8283	288 
8284	289 
8285	121 
8286	201 
8287	89 
8288	250 
8289	262 
8290	25 
8291	219 
8292	144 
8293	213 
8294	74 
8295	175 
8296	295 
8297	295 
8298	137 
8299	79 
8300	185 
8301	2 
8302	64 
8303	116 
8304	217 
8305	264 
8306	68 
8307	84 
8308	150 
8309	122 
8310	289 
8311	5 
8312	267 
8313	150 
8314	214 
8315	179 
8316	264 
8317	31 
8318	119 
8319	206 
8320	99 
8321	27 
8322	200 
8323	98 
8324	239 
8325	176 
8326	188 
8327	242 
8328	52 
8329	211 
8330	22 
8331	10 
8332	259 
8333	35 
8334	4 
8335	279 
8336	276 
8337	20 
8338	128 
8339	144 
8340	39 
8341	191 
8342	147 
8343	288 
8344	70 
8345	145 
8346	261 
8347	293 
8348	49 
8349	234 
8350	169 
8351	122 
8352	226 
8353	278 
8354	191 
8355	77 
8356	43 
8357	218 
8358	37 
8359	16 
8360	297 
8361	152 
8362	47 
8363	132 
8364	210 
8365	186 
8366	61 
8367	35 
8368	170 
8369	168 
8370	104 
8371	291 
8372	21 
8373	274 
8374	227 
8375	246 
8376	112 
8377	247 
8378	91 
8379	275 
8380	164 
8381	246 
8382	246 
8383	193 
8384	106 
8385	244 
8386	218 
8387	75 
8388	27 
8389	7 
8390	258 
8391	55 
8392	101 
8393	39 
8394	52 
8395	4 
8396	155 
8397	248 
8398	136 
8399	169 
8400	36 
8401	278 
8402	193 
8403	104 
8404	142 
8405	1 
8406	239 
8407	122 
8408	182 
8409	140 
8410	178 
8411	136 
8412	31 
8413	277 
8414	190 
8415	48 
8416	96 
8417	140 
8418	2 
8419	250 
8420	177 
8421	211 
8422	249 
8423	90 
8424	208 
8425	91 
8426	134 
8427	137 
8428	200 
8429	81 
8430	200 
8431	100 
8432	132 
8433	163 
8434	200 
8435	74 
8436	159 
8437	88 
8438	157 
8439	230 
8440	34 
8441	144 
8442	187 
8443	47 
8444	281 
8445	166 
8446	190 
8447	50 
8448	239 
8449	221 
8450	35 
8451	227 
8452	226 
8453	219 
8454	117 
8455	232 
8456	196 
8457	2 
8458	67 
8459	178 
8460	26 
8461	93 
8462	56 
8463	248 
8464	62 
8465	57 
8466	38 
8467	211 
8468	271 
8469	300 
8470	132 
8471	110 
8472	10 
8473	137 
8474	144 
8475	161 
8476	261 
8477	221 
8478	245 
8479	97 
8480	46 
8481	42 
8482	292 
8483	26 
8484	131 
8485	208 
8486	71 
8487	48 
8488	188 
8489	207 
8490	12 
8491	47 
8492	25 
8493	219 
8494	181 
8495	224 
8496	129 
8497	124 
8498	38 
8499	292 
8500	170 
8501	81 
8502	121 
8503	147 
8504	136 
8505	240 
8506	205 
8507	161 
8508	50 
8509	59 
8510	75 
8511	261 
8512	185 
8513	264 
8514	59 
8515	39 
8516	192 
8517	222 
8518	112 
8519	12 
8520	245 
8521	267 
8522	115 
8523	47 
8524	73 
8525	18 
8526	57 
8527	204 
8528	163 
8529	276 
8530	79 
8531	98 
8532	245 
8533	2 
8534	301 
8535	190 
8536	205 
8537	145 
8538	137 
8539	214 
8540	27 
8541	27 
8542	98 
8543	135 
8544	157 
8545	119 
8546	99 
8547	17 
8548	17 
8549	127 
8550	289 
8551	19 
8552	252 
8553	46 
8554	233 
8555	102 
8556	94 
8557	291 
8558	6 
8559	131 
8560	105 
8561	262 
8562	227 
8563	97 
8564	245 
8565	236 
8566	239 
8567	114 
8568	288 
8569	88 
8570	50 
8571	285 
8572	215 
8573	236 
8574	298 
8575	17 
8576	85 
8577	53 
8578	59 
8579	50 
8580	184 
8581	233 
8582	153 
8583	274 
8584	86 
8585	35 
8586	178 
8587	261 
8588	39 
8589	195 
8590	72 
8591	241 
8592	258 
8593	74 
8594	279 
8595	139 
8596	218 
8597	9 
8598	89 
8599	67 
8600	187 
8601	214 
8602	40 
8603	51 
8604	82 
8605	265 
8606	88 
8607	80 
8608	20 
8609	124 
8610	70 
8611	16 
8612	23 
8613	204 
8614	216 
8615	215 
8616	161 
8617	152 
8618	234 
8619	143 
8620	31 
8621	63 
8622	230 
8623	91 
8624	271 
8625	215 
8626	214 
8627	125 
8628	208 
8629	49 
8630	20 
8631	171 
8632	298 
8633	11 
8634	271 
8635	89 
8636	103 
8637	279 
8638	72 
8639	236 
8640	263 
8641	286 
8642	170 
8643	259 
8644	244 
8645	222 
8646	189 
8647	283 
8648	41 
8649	30 
8650	274 
8651	233 
8652	203 
8653	114 
8654	83 
8655	275 
8656	227 
8657	43 
8658	41 
8659	74 
8660	80 
8661	102 
8662	139 
8663	262 
8664	117 
8665	149 
8666	21 
8667	146 
8668	240 
8669	21 
8670	86 
8671	262 
8672	255 
8673	3 
8674	25 
8675	272 
8676	19 
8677	243 
8678	130 
8679	69 
8680	113 
8681	211 
8682	90 
8683	195 
8684	272 
8685	122 
8686	138 
8687	49 
8688	94 
8689	263 
8690	224 
8691	196 
8692	34 
8693	21 
8694	238 
8695	32 
8696	153 
8697	22 
8698	124 
8699	31 
8700	22 
8701	20 
8702	211 
8703	22 
8704	291 
8705	85 
8706	206 
8707	298 
8708	94 
8709	182 
8710	25 
8711	99 
8712	265 
8713	264 
8714	237 
8715	9 
8716	7 
8717	81 
8718	276 
8719	7 
8720	239 
8721	113 
8722	286 
8723	124 
8724	16 
8725	86 
8726	138 
8727	204 
8728	105 
8729	44 
8730	268 
8731	8 
8732	161 
8733	79 
8734	108 
8735	103 
8736	167 
8737	175 
8738	144 
8739	238 
8740	78 
8741	171 
8742	82 
8743	273 
8744	234 
8745	196 
8746	126 
8747	204 
8748	96 
8749	191 
8750	33 
8751	172 
8752	165 
8753	134 
8754	38 
8755	154 
8756	54 
8757	215 
8758	19 
8759	102 
8760	286 
8761	207 
8762	36 
8763	145 
8764	291 
8765	93 
8766	172 
8767	18 
8768	137 
8769	232 
8770	18 
8771	273 
8772	165 
8773	205 
8774	38 
8775	289 
8776	220 
8777	63 
8778	145 
8779	183 
8780	249 
8781	260 
8782	9 
8783	35 
8784	56 
8785	207 
8786	44 
8787	284 
8788	140 
8789	45 
8790	203 
8791	73 
8792	178 
8793	65 
8794	230 
8795	1 
8796	295 
8797	272 
8798	36 
8799	37 
8800	199 
8801	27 
8802	224 
8803	21 
8804	211 
8805	179 
8806	103 
8807	252 
8808	50 
8809	204 
8810	55 
8811	75 
8812	234 
8813	74 
8814	221 
8815	188 
8816	88 
8817	252 
8818	19 
8819	201 
8820	116 
8821	113 
8822	262 
8823	239 
8824	121 
8825	265 
8826	291 
8827	169 
8828	187 
8829	73 
8830	231 
8831	167 
8832	102 
8833	287 
8834	134 
8835	154 
8836	5 
8837	167 
8838	26 
8839	209 
8840	268 
8841	229 
8842	162 
8843	150 
8844	221 
8845	147 
8846	57 
8847	207 
8848	250 
8849	252 
8850	164 
8851	139 
8852	15 
8853	200 
8854	81 
8855	41 
8856	48 
8857	156 
8858	5 
8859	294 
8860	95 
8861	169 
8862	99 
8863	270 
8864	227 
8865	50 
8866	12 
8867	33 
8868	28 
8869	282 
8870	218 
8871	253 
8872	95 
8873	79 
8874	265 
8875	249 
8876	215 
8877	234 
8878	29 
8879	166 
8880	221 
8881	47 
8882	296 
8883	296 
8884	74 
8885	144 
8886	82 
8887	87 
8888	199 
8889	63 
8890	114 
8891	156 
8892	150 
8893	288 
8894	162 
8895	161 
8896	221 
8897	3 
8898	34 
8899	277 
8900	214 
8901	280 
8902	24 
8903	225 
8904	43 
8905	3 
8906	270 
8907	136 
8908	11 
8909	211 
8910	294 
8911	203 
8912	47 
8913	135 
8914	42 
8915	94 
8916	281 
8917	235 
8918	253 
8919	253 
8920	207 
8921	257 
8922	29 
8923	179 
8924	276 
8925	116 
8926	145 
8927	174 
8928	199 
8929	10 
8930	34 
8931	285 
8932	167 
8933	68 
8934	167 
8935	93 
8936	240 
8937	249 
8938	132 
8939	139 
8940	294 
8941	160 
8942	21 
8943	51 
8944	62 
8945	221 
8946	25 
8947	175 
8948	7 
8949	41 
8950	278 
8951	287 
8952	193 
8953	29 
8954	191 
8955	256 
8956	21 
8957	260 
8958	92 
8959	222 
8960	142 
8961	237 
8962	241 
8963	260 
8964	3 
8965	21 
8966	157 
8967	145 
8968	152 
8969	213 
8970	151 
8971	263 
8972	15 
8973	292 
8974	29 
8975	18 
8976	23 
8977	98 
8978	214 
8979	210 
8980	131 
8981	181 
8982	102 
8983	216 
8984	160 
8985	14 
8986	188 
8987	149 
8988	213 
8989	254 
8990	121 
8991	239 
8992	89 
8993	211 
8994	13 
8995	277 
8996	136 
8997	224 
8998	62 
8999	130 
9000	28 
9001	229 
9002	267 
9003	103 
9004	42 
9005	156 
9006	109 
9007	238 
9008	93 
9009	147 
9010	9 
9011	121 
9012	228 
9013	242 
9014	160 
9015	256 
9016	18 
9017	29 
9018	250 
9019	122 
9020	162 
9021	236 
9022	26 
9023	221 
9024	133 
9025	49 
9026	156 
9027	72 
9028	44 
9029	293 
9030	60 
9031	295 
9032	63 
9033	151 
9034	113 
9035	178 
9036	274 
9037	218 
9038	234 
9039	249 
9040	250 
9041	56 
9042	111 
9043	197 
9044	1 
9045	234 
9046	102 
9047	168 
9048	24 
9049	253 
9050	255 
9051	218 
9052	196 
9053	260 
9054	39 
9055	198 
9056	242 
9057	136 
9058	83 
9059	283 
9060	239 
9061	281 
9062	299 
9063	289 
9064	17 
9065	266 
9066	113 
9067	264 
9068	265 
9069	162 
9070	170 
9071	127 
9072	19 
9073	38 
9074	219 
9075	10 
9076	192 
9077	5 
9078	297 
9079	214 
9080	227 
9081	283 
9082	59 
9083	114 
9084	129 
9085	265 
9086	97 
9087	95 
9088	81 
9089	5 
9090	265 
9091	245 
9092	110 
9093	208 
9094	124 
9095	187 
9096	41 
9097	214 
9098	234 
9099	67 
9100	3 
9101	47 
9102	208 
9103	159 
9104	123 
9105	203 
9106	239 
9107	219 
9108	193 
9109	107 
9110	23 
9111	159 
9112	297 
9113	162 
9114	186 
9115	236 
9116	206 
9117	39 
9118	101 
9119	224 
9120	249 
9121	99 
9122	279 
9123	214 
9124	100 
9125	157 
9126	276 
9127	222 
9128	167 
9129	277 
9130	288 
9131	231 
9132	276 
9133	125 
9134	145 
9135	154 
9136	14 
9137	239 
9138	280 
9139	159 
9140	267 
9141	224 
9142	226 
9143	186 
9144	12 
9145	131 
9146	60 
9147	28 
9148	69 
9149	123 
9150	256 
9151	112 
9152	229 
9153	88 
9154	54 
9155	114 
9156	47 
9157	18 
9158	141 
9159	90 
9160	190 
9161	25 
9162	82 
9163	138 
9164	48 
9165	226 
9166	209 
9167	27 
9168	172 
9169	14 
9170	127 
9171	151 
9172	227 
9173	206 
9174	64 
9175	51 
9176	131 
9177	64 
9178	38 
9179	47 
9180	49 
9181	33 
9182	189 
9183	150 
9184	263 
9185	289 
9186	194 
9187	247 
9188	131 
9189	248 
9190	12 
9191	147 
9192	33 
9193	140 
9194	69 
9195	190 
9196	19 
9197	210 
9198	193 
9199	42 
9200	34 
9201	93 
9202	23 
9203	153 
9204	169 
9205	98 
9206	173 
9207	288 
9208	135 
9209	52 
9210	69 
9211	274 
9212	155 
9213	125 
9214	294 
9215	290 
9216	109 
9217	48 
9218	227 
9219	140 
9220	55 
9221	195 
9222	224 
9223	56 
9224	21 
9225	253 
9226	2 
9227	227 
9228	145 
9229	168 
9230	299 
9231	168 
9232	253 
9233	48 
9234	15 
9235	147 
9236	51 
9237	102 
9238	56 
9239	76 
9240	297 
9241	175 
9242	102 
9243	95 
9244	246 
9245	226 
9246	76 
9247	74 
9248	12 
9249	264 
9250	155 
9251	70 
9252	44 
9253	46 
9254	136 
9255	86 
9256	112 
9257	55 
9258	199 
9259	276 
9260	221 
9261	228 
9262	264 
9263	154 
9264	131 
9265	39 
9266	34 
9267	2 
9268	207 
9269	155 
9270	95 
9271	294 
9272	18 
9273	261 
9274	116 
9275	74 
9276	175 
9277	247 
9278	201 
9279	197 
9280	224 
9281	293 
9282	81 
9283	36 
9284	285 
9285	108 
9286	191 
9287	56 
9288	146 
9289	247 
9290	174 
9291	53 
9292	137 
9293	255 
9294	218 
9295	145 
9296	280 
9297	104 
9298	34 
9299	147 
9300	240 
9301	242 
9302	41 
9303	87 
9304	274 
9305	188 
9306	130 
9307	14 
9308	35 
9309	245 
9310	44 
9311	221 
9312	286 
9313	16 
9314	173 
9315	265 
9316	80 
9317	188 
9318	287 
9319	2 
9320	131 
9321	7 
9322	95 
9323	218 
9324	185 
9325	176 
9326	103 
9327	68 
9328	93 
9329	200 
9330	15 
9331	34 
9332	30 
9333	191 
9334	199 
9335	182 
9336	246 
9337	92 
9338	295 
9339	3 
9340	30 
9341	195 
9342	125 
9343	120 
9344	12 
9345	117 
9346	290 
9347	250 
9348	185 
9349	37 
9350	23 
9351	117 
9352	263 
9353	167 
9354	163 
9355	295 
9356	40 
9357	194 
9358	286 
9359	11 
9360	266 
9361	285 
9362	264 
9363	102 
9364	150 
9365	294 
9366	213 
9367	21 
9368	83 
9369	251 
9370	101 
9371	250 
9372	31 
9373	95 
9374	193 
9375	205 
9376	101 
9377	25 
9378	26 
9379	92 
9380	260 
9381	250 
9382	108 
9383	149 
9384	275 
9385	219 
9386	153 
9387	38 
9388	7 
9389	80 
9390	255 
9391	204 
9392	11 
9393	69 
9394	147 
9395	296 
9396	26 
9397	87 
9398	244 
9399	1 
9400	74 
9401	175 
9402	121 
9403	232 
9404	120 
9405	149 
9406	295 
9407	248 
9408	123 
9409	134 
9410	123 
9411	212 
9412	4 
9413	243 
9414	96 
9415	206 
9416	170 
9417	82 
9418	271 
9419	54 
9420	287 
9421	268 
9422	266 
9423	158 
9424	112 
9425	51 
9426	164 
9427	56 
9428	270 
9429	31 
9430	233 
9431	293 
9432	69 
9433	233 
9434	158 
9435	191 
9436	167 
9437	46 
9438	45 
9439	203 
9440	37 
9441	256 
9442	138 
9443	17 
9444	88 
9445	82 
9446	25 
9447	202 
9448	165 
9449	82 
9450	66 
9451	75 
9452	41 
9453	37 
9454	296 
9455	100 
9456	202 
9457	228 
9458	234 
9459	292 
9460	167 
9461	86 
9462	226 
9463	259 
9464	165 
9465	295 
9466	218 
9467	299 
9468	8 
9469	262 
9470	74 
9471	22 
9472	104 
9473	227 
9474	144 
9475	206 
9476	285 
9477	146 
9478	64 
9479	220 
9480	183 
9481	195 
9482	253 
9483	281 
9484	101 
9485	187 
9486	229 
9487	127 
9488	144 
9489	163 
9490	108 
9491	62 
9492	42 
9493	21 
9494	66 
9495	201 
9496	125 
9497	275 
9498	69 
9499	5 
9500	211 
9501	52 
9502	157 
9503	273 
9504	138 
9505	279 
9506	157 
9507	244 
9508	138 
9509	110 
9510	128 
9511	292 
9512	90 
9513	38 
9514	142 
9515	282 
9516	72 
9517	239 
9518	76 
9519	99 
9520	189 
9521	194 
9522	224 
9523	79 
9524	186 
9525	154 
9526	187 
9527	66 
9528	237 
9529	60 
9530	298 
9531	113 
9532	44 
9533	46 
9534	44 
9535	134 
9536	232 
9537	47 
9538	65 
9539	200 
9540	154 
9541	187 
9542	257 
9543	174 
9544	76 
9545	145 
9546	72 
9547	105 
9548	276 
9549	68 
9550	143 
9551	226 
9552	129 
9553	117 
9554	251 
9555	151 
9556	197 
9557	250 
9558	255 
9559	40 
9560	162 
9561	287 
9562	2 
9563	70 
9564	72 
9565	148 
9566	192 
9567	255 
9568	103 
9569	99 
9570	17 
9571	231 
9572	74 
9573	173 
9574	272 
9575	104 
9576	6 
9577	96 
9578	69 
9579	154 
9580	30 
9581	121 
9582	231 
9583	174 
9584	130 
9585	292 
9586	23 
9587	148 
9588	28 
9589	92 
9590	141 
9591	214 
9592	227 
9593	282 
9594	216 
9595	209 
9596	164 
9597	92 
9598	283 
9599	111 
9600	286 
9601	282 
9602	265 
9603	25 
9604	81 
9605	2 
9606	131 
9607	145 
9608	10 
9609	193 
9610	74 
9611	42 
9612	266 
9613	181 
9614	94 
9615	57 
9616	128 
9617	31 
9618	19 
9619	64 
9620	122 
9621	116 
9622	81 
9623	91 
9624	152 
9625	45 
9626	59 
9627	176 
9628	214 
9629	295 
9630	234 
9631	175 
9632	137 
9633	223 
9634	199 
9635	70 
9636	22 
9637	45 
9638	117 
9639	9 
9640	16 
9641	159 
9642	240 
9643	197 
9644	183 
9645	166 
9646	30 
9647	27 
9648	123 
9649	176 
9650	28 
9651	225 
9652	190 
9653	106 
9654	206 
9655	29 
9656	218 
9657	227 
9658	46 
9659	138 
9660	271 
9661	299 
9662	272 
9663	262 
9664	50 
9665	116 
9666	93 
9667	130 
9668	72 
9669	161 
9670	191 
9671	162 
9672	295 
9673	295 
9674	117 
9675	67 
9676	145 
9677	280 
9678	26 
9679	262 
9680	16 
9681	102 
9682	121 
9683	30 
9684	163 
9685	187 
9686	45 
9687	209 
9688	237 
9689	72 
9690	84 
9691	148 
9692	259 
9693	11 
9694	80 
9695	281 
9696	273 
9697	63 
9698	261 
9699	193 
9700	140 
9701	163 
9702	2 
9703	167 
9704	90 
9705	56 
9706	115 
9707	193 
9708	49 
9709	48 
9710	149 
9711	9 
9712	212 
9713	246 
9714	280 
9715	135 
9716	211 
9717	58 
9718	225 
9719	207 
9720	255 
9721	222 
9722	287 
9723	179 
9724	205 
9725	86 
9726	281 
9727	286 
9728	64 
9729	131 
9730	253 
9731	207 
9732	2 
9733	97 
9734	299 
9735	115 
9736	93 
9737	241 
9738	266 
9739	57 
9740	85 
9741	27 
9742	145 
9743	132 
9744	79 
9745	212 
9746	176 
9747	59 
9748	57 
9749	285 
9750	102 
9751	29 
9752	166 
9753	110 
9754	17 
9755	223 
9756	10 
9757	71 
9758	284 
9759	260 
9760	126 
9761	194 
9762	224 
9763	60 
9764	251 
9765	213 
9766	139 
9767	163 
9768	30 
9769	13 
9770	262 
9771	215 
9772	94 
9773	282 
9774	181 
9775	103 
9776	102 
9777	122 
9778	121 
9779	164 
9780	192 
9781	126 
9782	42 
9783	180 
9784	205 
9785	45 
9786	167 
9787	266 
9788	145 
9789	257 
9790	66 
9791	184 
9792	301 
9793	86 
9794	52 
9795	147 
9796	209 
9797	296 
9798	242 
9799	1 
9800	292 
9801	23 
9802	161 
9803	295 
9804	229 
9805	92 
9806	280 
9807	217 
9808	276 
9809	274 
9810	255 
9811	224 
9812	271 
9813	91 
9814	59 
9815	165 
9816	74 
9817	265 
9818	47 
9819	96 
9820	283 
9821	128 
9822	116 
9823	94 
9824	31 
9825	6 
9826	153 
9827	15 
9828	148 
9829	200 
9830	152 
9831	243 
9832	246 
9833	88 
9834	190 
9835	164 
9836	33 
9837	196 
9838	32 
9839	37 
9840	218 
9841	17 
9842	139 
9843	273 
9844	238 
9845	215 
9846	250 
9847	175 
9848	58 
9849	211 
9850	21 
9851	294 
9852	40 
9853	62 
9854	7 
9855	149 
9856	189 
9857	176 
9858	157 
9859	8 
9860	237 
9861	148 
9862	76 
9863	186 
9864	168 
9865	210 
9866	21 
9867	2 
9868	131 
9869	204 
9870	292 
9871	192 
9872	212 
9873	79 
9874	235 
9875	30 
9876	11 
9877	287 
9878	3 
9879	218 
9880	262 
9881	210 
9882	63 
9883	269 
9884	266 
9885	48 
9886	279 
9887	203 
9888	276 
9889	10 
9890	48 
9891	129 
9892	231 
9893	112 
9894	294 
9895	145 
9896	227 
9897	208 
9898	36 
9899	239 
9900	57 
9901	295 
9902	27 
9903	41 
9904	203 
9905	110 
9906	239 
9907	110 
9908	196 
9909	245 
9910	247 
9911	246 
9912	192 
9913	99 
9914	295 
9915	64 
9916	25 
9917	228 
9918	2 
9919	282 
9920	141 
9921	278 
9922	284 
9923	189 
9924	58 
9925	113 
9926	228 
9927	91 
9928	283 
9929	140 
9930	91 
9931	232 
9932	240 
9933	31 
9934	92 
9935	35 
9936	191 
9937	265 
9938	162 
9939	232 
9940	277 
9941	174 
9942	261 
9943	103 
9944	161 
9945	252 
9946	77 
9947	232 
9948	5 
9949	26 
9950	203 
9951	161 
9952	107 
9953	198 
9954	178 
9955	36 
9956	289 
9957	12 
9958	137 
9959	145 
9960	196 
9961	90 
9962	48 
9963	54 
9964	72 
9965	255 
9966	84 
9967	272 
9968	188 
9969	207 
9970	287 
9971	142 
9972	214 
9973	281 
9974	287 
9975	73 
9976	286 
9977	240 
9978	50 
9979	33 
9980	254 
9981	57 
9982	26 
9983	151 
9984	269 
9985	268 
9986	46 
9987	299 
9988	164 
9989	244 
9990	62 
9991	86 
9992	125 
9993	42 
9994	25 
9995	207 
9996	140 
9997	195 
9998	300 
9999	245 
10000	142 
