1	21 
2	210 
3	23 
4	288 
5	106 
6	257 
7	103 
8	125 
9	24 
10	125 
11	88 
12	227 
13	75 
14	294 
15	68 
16	105 
17	97 
18	128 
19	223 
20	170 
21	237 
22	84 
23	51 
24	118 
25	287 
26	119 
27	181 
28	282 
29	231 
30	85 
31	258 
32	224 
33	308 
34	3 
35	136 
36	261 
37	121 
38	24 
39	150 
40	124 
41	107 
42	187 
43	86 
44	15 
45	19 
46	217 
47	154 
48	151 
49	296 
50	85 
51	162 
52	94 
53	53 
54	184 
55	39 
56	305 
57	61 
58	194 
59	307 
60	111 
61	165 
62	152 
63	264 
64	177 
65	270 
66	47 
67	168 
68	202 
69	116 
70	241 
71	74 
72	244 
73	155 
74	280 
75	31 
76	83 
77	153 
78	107 
79	256 
80	78 
81	183 
82	110 
83	203 
84	301 
85	125 
86	203 
87	212 
88	171 
89	3 
90	120 
91	237 
92	296 
93	75 
94	145 
95	139 
96	135 
97	124 
98	183 
99	54 
100	273 
101	175 
102	251 
103	208 
104	284 
105	23 
106	203 
107	116 
108	299 
109	192 
110	198 
111	201 
112	11 
113	300 
114	287 
115	285 
116	292 
117	198 
118	298 
119	102 
120	85 
121	19 
122	297 
123	142 
124	295 
125	110 
126	262 
127	150 
128	105 
129	2 
130	183 
131	216 
132	154 
133	299 
134	297 
135	243 
136	6 
137	159 
138	247 
139	129 
140	186 
141	17 
142	177 
143	59 
144	145 
145	151 
146	92 
147	168 
148	98 
149	58 
150	123 
151	63 
152	27 
153	163 
154	88 
155	56 
156	269 
157	280 
158	298 
159	76 
160	209 
161	141 
162	285 
163	222 
164	194 
165	234 
166	168 
167	59 
168	133 
169	142 
170	155 
171	189 
172	83 
173	209 
174	307 
175	19 
176	61 
177	129 
178	252 
179	19 
180	70 
181	219 
182	249 
183	224 
184	121 
185	73 
186	171 
187	262 
188	91 
189	212 
190	229 
191	146 
192	268 
193	132 
194	176 
195	19 
196	243 
197	21 
198	264 
199	184 
200	207 
201	55 
202	83 
203	70 
204	244 
205	272 
206	264 
207	270 
208	88 
209	27 
210	202 
211	117 
212	184 
213	214 
214	26 
215	243 
216	40 
217	147 
218	4 
219	224 
220	204 
221	62 
222	214 
223	87 
224	282 
225	55 
226	65 
227	269 
228	283 
229	256 
230	189 
231	195 
232	247 
233	52 
234	68 
235	3 
236	155 
237	302 
238	32 
239	50 
240	255 
241	278 
242	257 
243	274 
244	139 
245	122 
246	303 
247	138 
248	112 
249	243 
250	77 
251	109 
252	271 
253	151 
254	273 
255	58 
256	37 
257	87 
258	188 
259	274 
260	289 
261	18 
262	151 
263	148 
264	37 
265	202 
266	15 
267	113 
268	83 
269	157 
270	98 
271	51 
272	196 
273	254 
274	228 
275	24 
276	265 
277	48 
278	231 
279	267 
280	81 
281	251 
282	56 
283	115 
284	299 
285	265 
286	141 
287	68 
288	51 
289	60 
290	2 
291	283 
292	22 
293	189 
294	248 
295	104 
296	74 
297	190 
298	106 
299	233 
300	84 
301	302 
302	98 
303	235 
304	253 
305	50 
306	1 
307	29 
308	210 
309	219 
310	210 
311	102 
312	245 
313	36 
314	38 
315	244 
316	146 
317	159 
318	141 
319	50 
320	233 
321	140 
322	82 
323	94 
324	64 
325	240 
326	302 
327	142 
328	46 
329	301 
330	238 
331	49 
332	157 
333	119 
334	163 
335	254 
336	222 
337	272 
338	243 
339	186 
340	26 
341	223 
342	222 
343	115 
344	239 
345	291 
346	159 
347	276 
348	307 
349	64 
350	254 
351	136 
352	65 
353	184 
354	242 
355	196 
356	76 
357	44 
358	138 
359	73 
360	96 
361	214 
362	87 
363	160 
364	213 
365	138 
366	246 
367	255 
368	260 
369	248 
370	298 
371	285 
372	145 
373	208 
374	144 
375	172 
376	243 
377	1 
378	183 
379	100 
380	177 
381	41 
382	216 
383	150 
384	196 
385	255 
386	120 
387	34 
388	64 
389	264 
390	208 
391	36 
392	47 
393	138 
394	46 
395	281 
396	122 
397	5 
398	218 
399	49 
400	172 
401	110 
402	55 
403	72 
404	143 
405	275 
406	162 
407	136 
408	130 
409	143 
410	188 
411	44 
412	120 
413	174 
414	196 
415	96 
416	107 
417	13 
418	34 
419	31 
420	128 
421	150 
422	193 
423	49 
424	231 
425	229 
426	162 
427	109 
428	247 
429	194 
430	76 
431	203 
432	285 
433	203 
434	45 
435	117 
436	300 
437	278 
438	130 
439	97 
440	219 
441	197 
442	270 
443	33 
444	199 
445	65 
446	238 
447	289 
448	259 
449	246 
450	108 
451	246 
452	290 
453	111 
454	188 
455	276 
456	194 
457	189 
458	280 
459	88 
460	11 
461	123 
462	229 
463	251 
464	196 
465	210 
466	80 
467	288 
468	136 
469	287 
470	200 
471	188 
472	208 
473	81 
474	225 
475	232 
476	201 
477	233 
478	61 
479	25 
480	242 
481	122 
482	23 
483	68 
484	91 
485	92 
486	237 
487	53 
488	95 
489	16 
490	49 
491	117 
492	143 
493	283 
494	164 
495	101 
496	56 
497	95 
498	211 
499	308 
500	204 
501	145 
502	286 
503	181 
504	136 
505	162 
506	93 
507	160 
508	22 
509	224 
510	289 
511	153 
512	6 
513	103 
514	137 
515	279 
516	269 
517	258 
518	156 
519	91 
520	135 
521	212 
522	159 
523	25 
524	255 
525	253 
526	139 
527	146 
528	211 
529	97 
530	83 
531	55 
532	68 
533	26 
534	205 
535	208 
536	42 
537	76 
538	53 
539	282 
540	185 
541	158 
542	62 
543	217 
544	136 
545	3 
546	290 
547	250 
548	95 
549	302 
550	182 
551	3 
552	250 
553	270 
554	301 
555	118 
556	91 
557	91 
558	251 
559	124 
560	209 
561	111 
562	166 
563	252 
564	162 
565	86 
566	46 
567	21 
568	136 
569	115 
570	280 
571	70 
572	102 
573	89 
574	83 
575	81 
576	163 
577	21 
578	289 
579	87 
580	2 
581	199 
582	152 
583	299 
584	181 
585	108 
586	99 
587	222 
588	91 
589	239 
590	120 
591	141 
592	110 
593	16 
594	13 
595	100 
596	186 
597	146 
598	133 
599	265 
600	32 
601	210 
602	216 
603	113 
604	32 
605	286 
606	9 
607	276 
608	188 
609	295 
610	253 
611	229 
612	299 
613	82 
614	1 
615	206 
616	77 
617	134 
618	140 
619	100 
620	124 
621	216 
622	276 
623	273 
624	162 
625	256 
626	149 
627	289 
628	36 
629	67 
630	57 
631	89 
632	137 
633	182 
634	121 
635	274 
636	9 
637	144 
638	229 
639	291 
640	74 
641	238 
642	295 
643	50 
644	293 
645	147 
646	38 
647	193 
648	163 
649	258 
650	243 
651	173 
652	212 
653	300 
654	68 
655	274 
656	197 
657	69 
658	255 
659	54 
660	2 
661	262 
662	129 
663	172 
664	166 
665	166 
666	190 
667	236 
668	300 
669	44 
670	219 
671	119 
672	215 
673	263 
674	199 
675	220 
676	268 
677	282 
678	28 
679	18 
680	64 
681	231 
682	88 
683	20 
684	284 
685	5 
686	243 
687	219 
688	243 
689	289 
690	293 
691	208 
692	73 
693	68 
694	169 
695	74 
696	14 
697	299 
698	221 
699	281 
700	69 
701	227 
702	36 
703	163 
704	71 
705	276 
706	74 
707	15 
708	215 
709	12 
710	117 
711	139 
712	189 
713	287 
714	145 
715	251 
716	153 
717	226 
718	59 
719	10 
720	54 
721	254 
722	244 
723	90 
724	207 
725	207 
726	177 
727	2 
728	268 
729	248 
730	280 
731	22 
732	238 
733	218 
734	218 
735	281 
736	181 
737	216 
738	294 
739	232 
740	231 
741	152 
742	84 
743	150 
744	118 
745	151 
746	202 
747	292 
748	187 
749	166 
750	281 
751	265 
752	40 
753	118 
754	46 
755	147 
756	124 
757	260 
758	42 
759	44 
760	267 
761	98 
762	3 
763	59 
764	173 
765	287 
766	272 
767	94 
768	101 
769	204 
770	100 
771	231 
772	305 
773	229 
774	285 
775	31 
776	198 
777	212 
778	121 
779	302 
780	271 
781	291 
782	260 
783	228 
784	247 
785	148 
786	294 
787	21 
788	57 
789	79 
790	52 
791	263 
792	273 
793	32 
794	233 
795	69 
796	125 
797	95 
798	113 
799	60 
800	124 
801	256 
802	200 
803	235 
804	201 
805	296 
806	282 
807	220 
808	47 
809	158 
810	137 
811	99 
812	29 
813	48 
814	67 
815	168 
816	256 
817	221 
818	100 
819	169 
820	299 
821	290 
822	243 
823	130 
824	240 
825	26 
826	274 
827	110 
828	215 
829	307 
830	126 
831	2 
832	34 
833	112 
834	226 
835	231 
836	109 
837	60 
838	223 
839	242 
840	223 
841	6 
842	215 
843	149 
844	66 
845	168 
846	130 
847	130 
848	151 
849	262 
850	110 
851	244 
852	176 
853	109 
854	11 
855	288 
856	264 
857	201 
858	251 
859	234 
860	132 
861	210 
862	84 
863	9 
864	155 
865	204 
866	41 
867	297 
868	307 
869	212 
870	191 
871	134 
872	278 
873	97 
874	212 
875	251 
876	59 
877	53 
878	80 
879	259 
880	267 
881	11 
882	224 
883	220 
884	59 
885	296 
886	270 
887	64 
888	140 
889	246 
890	180 
891	194 
892	306 
893	115 
894	302 
895	290 
896	192 
897	251 
898	186 
899	46 
900	253 
901	152 
902	195 
903	27 
904	136 
905	74 
906	142 
907	181 
908	144 
909	13 
910	213 
911	144 
912	11 
913	292 
914	115 
915	32 
916	59 
917	303 
918	52 
919	262 
920	57 
921	59 
922	62 
923	301 
924	37 
925	31 
926	99 
927	84 
928	133 
929	167 
930	204 
931	265 
932	64 
933	276 
934	136 
935	176 
936	142 
937	134 
938	127 
939	3 
940	250 
941	295 
942	129 
943	220 
944	115 
945	92 
946	187 
947	77 
948	295 
949	291 
950	147 
951	167 
952	15 
953	89 
954	186 
955	134 
956	103 
957	186 
958	81 
959	244 
960	191 
961	13 
962	58 
963	75 
964	222 
965	169 
966	268 
967	24 
968	65 
969	59 
970	253 
971	133 
972	259 
973	82 
974	166 
975	42 
976	243 
977	160 
978	61 
979	133 
980	154 
981	84 
982	129 
983	43 
984	207 
985	147 
986	55 
987	41 
988	294 
989	174 
990	77 
991	86 
992	50 
993	64 
994	16 
995	243 
996	294 
997	44 
998	1 
999	282 
1000	253 
1001	24 
1002	255 
1003	253 
1004	170 
1005	289 
1006	306 
1007	6 
1008	9 
1009	277 
1010	39 
1011	97 
1012	19 
1013	14 
1014	86 
1015	192 
1016	25 
1017	302 
1018	68 
1019	151 
1020	55 
1021	232 
1022	19 
1023	7 
1024	243 
1025	147 
1026	269 
1027	179 
1028	101 
1029	116 
1030	176 
1031	228 
1032	119 
1033	69 
1034	203 
1035	213 
1036	237 
1037	137 
1038	168 
1039	17 
1040	237 
1041	273 
1042	37 
1043	243 
1044	186 
1045	9 
1046	156 
1047	290 
1048	4 
1049	39 
1050	212 
1051	205 
1052	10 
1053	256 
1054	60 
1055	12 
1056	307 
1057	301 
1058	68 
1059	285 
1060	36 
1061	180 
1062	226 
1063	185 
1064	64 
1065	76 
1066	240 
1067	22 
1068	91 
1069	49 
1070	201 
1071	111 
1072	264 
1073	286 
1074	53 
1075	120 
1076	157 
1077	73 
1078	277 
1079	264 
1080	4 
1081	242 
1082	133 
1083	262 
1084	226 
1085	278 
1086	86 
1087	303 
1088	39 
1089	163 
1090	96 
1091	149 
1092	23 
1093	25 
1094	219 
1095	276 
1096	49 
1097	202 
1098	80 
1099	215 
1100	13 
1101	48 
1102	148 
1103	186 
1104	224 
1105	80 
1106	136 
1107	160 
1108	284 
1109	14 
1110	76 
1111	118 
1112	39 
1113	18 
1114	98 
1115	172 
1116	191 
1117	169 
1118	146 
1119	274 
1120	267 
1121	155 
1122	234 
1123	5 
1124	43 
1125	30 
1126	59 
1127	42 
1128	65 
1129	267 
1130	75 
1131	79 
1132	85 
1133	289 
1134	159 
1135	4 
1136	232 
1137	162 
1138	142 
1139	34 
1140	117 
1141	123 
1142	97 
1143	110 
1144	89 
1145	209 
1146	212 
1147	214 
1148	144 
1149	207 
1150	116 
1151	238 
1152	301 
1153	148 
1154	92 
1155	136 
1156	152 
1157	16 
1158	16 
1159	61 
1160	193 
1161	169 
1162	276 
1163	201 
1164	5 
1165	78 
1166	160 
1167	119 
1168	200 
1169	306 
1170	169 
1171	277 
1172	172 
1173	152 
1174	144 
1175	106 
1176	283 
1177	225 
1178	4 
1179	120 
1180	171 
1181	127 
1182	232 
1183	136 
1184	158 
1185	167 
1186	8 
1187	28 
1188	72 
1189	243 
1190	59 
1191	18 
1192	239 
1193	306 
1194	26 
1195	13 
1196	299 
1197	171 
1198	295 
1199	33 
1200	145 
1201	106 
1202	252 
1203	243 
1204	178 
1205	259 
1206	269 
1207	66 
1208	106 
1209	154 
1210	247 
1211	154 
1212	274 
1213	18 
1214	73 
1215	39 
1216	203 
1217	143 
1218	222 
1219	106 
1220	175 
1221	159 
1222	46 
1223	77 
1224	9 
1225	57 
1226	277 
1227	47 
1228	82 
1229	162 
1230	157 
1231	95 
1232	249 
1233	94 
1234	304 
1235	279 
1236	264 
1237	138 
1238	155 
1239	102 
1240	71 
1241	298 
1242	46 
1243	15 
1244	263 
1245	86 
1246	27 
1247	137 
1248	142 
1249	111 
1250	231 
1251	97 
1252	5 
1253	258 
1254	307 
1255	243 
1256	283 
1257	105 
1258	219 
1259	150 
1260	193 
1261	34 
1262	20 
1263	74 
1264	228 
1265	229 
1266	219 
1267	253 
1268	98 
1269	238 
1270	95 
1271	298 
1272	67 
1273	195 
1274	165 
1275	13 
1276	10 
1277	60 
1278	44 
1279	9 
1280	57 
1281	121 
1282	95 
1283	188 
1284	181 
1285	293 
1286	89 
1287	109 
1288	234 
1289	250 
1290	135 
1291	260 
1292	222 
1293	57 
1294	177 
1295	53 
1296	75 
1297	261 
1298	240 
1299	14 
1300	171 
1301	200 
1302	210 
1303	56 
1304	91 
1305	241 
1306	123 
1307	52 
1308	265 
1309	66 
1310	4 
1311	291 
1312	6 
1313	121 
1314	272 
1315	63 
1316	297 
1317	243 
1318	100 
1319	179 
1320	11 
1321	48 
1322	130 
1323	125 
1324	51 
1325	106 
1326	77 
1327	92 
1328	216 
1329	93 
1330	202 
1331	28 
1332	64 
1333	104 
1334	285 
1335	40 
1336	260 
1337	61 
1338	167 
1339	227 
1340	277 
1341	78 
1342	18 
1343	60 
1344	284 
1345	293 
1346	33 
1347	40 
1348	107 
1349	277 
1350	128 
1351	196 
1352	99 
1353	176 
1354	287 
1355	305 
1356	219 
1357	196 
1358	21 
1359	123 
1360	257 
1361	125 
1362	148 
1363	12 
1364	254 
1365	293 
1366	104 
1367	95 
1368	113 
1369	65 
1370	249 
1371	140 
1372	302 
1373	79 
1374	169 
1375	68 
1376	179 
1377	219 
1378	111 
1379	37 
1380	251 
1381	108 
1382	224 
1383	23 
1384	95 
1385	203 
1386	264 
1387	8 
1388	128 
1389	281 
1390	70 
1391	226 
1392	237 
1393	304 
1394	159 
1395	30 
1396	225 
1397	114 
1398	163 
1399	40 
1400	85 
1401	247 
1402	205 
1403	64 
1404	50 
1405	58 
1406	104 
1407	87 
1408	141 
1409	192 
1410	83 
1411	38 
1412	166 
1413	261 
1414	196 
1415	256 
1416	71 
1417	243 
1418	158 
1419	42 
1420	298 
1421	308 
1422	163 
1423	288 
1424	262 
1425	294 
1426	14 
1427	65 
1428	218 
1429	280 
1430	257 
1431	93 
1432	91 
1433	157 
1434	111 
1435	31 
1436	5 
1437	155 
1438	89 
1439	178 
1440	219 
1441	155 
1442	273 
1443	94 
1444	136 
1445	235 
1446	232 
1447	269 
1448	38 
1449	97 
1450	79 
1451	111 
1452	36 
1453	59 
1454	100 
1455	197 
1456	163 
1457	30 
1458	76 
1459	137 
1460	188 
1461	229 
1462	207 
1463	40 
1464	219 
1465	154 
1466	281 
1467	44 
1468	48 
1469	261 
1470	23 
1471	297 
1472	180 
1473	93 
1474	42 
1475	270 
1476	151 
1477	152 
1478	65 
1479	270 
1480	277 
1481	220 
1482	90 
1483	260 
1484	290 
1485	89 
1486	214 
1487	215 
1488	251 
1489	206 
1490	263 
1491	249 
1492	26 
1493	24 
1494	39 
1495	150 
1496	261 
1497	181 
1498	8 
1499	115 
1500	301 
1501	203 
1502	34 
1503	296 
1504	288 
1505	25 
1506	111 
1507	50 
1508	249 
1509	48 
1510	214 
1511	179 
1512	24 
1513	132 
1514	14 
1515	83 
1516	123 
1517	56 
1518	243 
1519	138 
1520	155 
1521	226 
1522	69 
1523	32 
1524	277 
1525	242 
1526	76 
1527	243 
1528	189 
1529	68 
1530	194 
1531	223 
1532	95 
1533	216 
1534	58 
1535	98 
1536	164 
1537	166 
1538	78 
1539	42 
1540	189 
1541	54 
1542	123 
1543	298 
1544	292 
1545	260 
1546	288 
1547	29 
1548	109 
1549	262 
1550	238 
1551	86 
1552	27 
1553	44 
1554	18 
1555	8 
1556	79 
1557	73 
1558	221 
1559	8 
1560	83 
1561	67 
1562	196 
1563	54 
1564	178 
1565	48 
1566	76 
1567	164 
1568	299 
1569	35 
1570	291 
1571	257 
1572	102 
1573	217 
1574	19 
1575	56 
1576	61 
1577	217 
1578	246 
1579	252 
1580	271 
1581	66 
1582	255 
1583	223 
1584	14 
1585	97 
1586	168 
1587	240 
1588	16 
1589	56 
1590	127 
1591	144 
1592	215 
1593	44 
1594	179 
1595	246 
1596	4 
1597	131 
1598	197 
1599	127 
1600	139 
1601	204 
1602	127 
1603	54 
1604	175 
1605	71 
1606	251 
1607	286 
1608	25 
1609	189 
1610	280 
1611	45 
1612	262 
1613	224 
1614	131 
1615	254 
1616	198 
1617	70 
1618	29 
1619	285 
1620	207 
1621	144 
1622	301 
1623	174 
1624	228 
1625	163 
1626	107 
1627	200 
1628	122 
1629	281 
1630	63 
1631	197 
1632	172 
1633	90 
1634	264 
1635	125 
1636	297 
1637	137 
1638	111 
1639	307 
1640	238 
1641	158 
1642	12 
1643	268 
1644	105 
1645	27 
1646	140 
1647	158 
1648	69 
1649	106 
1650	65 
1651	61 
1652	2 
1653	132 
1654	205 
1655	248 
1656	21 
1657	101 
1658	160 
1659	4 
1660	143 
1661	14 
1662	99 
1663	221 
1664	7 
1665	252 
1666	63 
1667	146 
1668	238 
1669	241 
1670	251 
1671	207 
1672	111 
1673	54 
1674	43 
1675	163 
1676	274 
1677	54 
1678	295 
1679	136 
1680	87 
1681	159 
1682	107 
1683	294 
1684	116 
1685	203 
1686	94 
1687	207 
1688	176 
1689	20 
1690	133 
1691	203 
1692	257 
1693	76 
1694	132 
1695	101 
1696	37 
1697	277 
1698	136 
1699	67 
1700	155 
1701	98 
1702	283 
1703	107 
1704	10 
1705	86 
1706	29 
1707	273 
1708	219 
1709	13 
1710	171 
1711	213 
1712	176 
1713	247 
1714	207 
1715	3 
1716	160 
1717	141 
1718	299 
1719	45 
1720	61 
1721	98 
1722	147 
1723	303 
1724	170 
1725	69 
1726	204 
1727	28 
1728	270 
1729	40 
1730	135 
1731	300 
1732	100 
1733	221 
1734	30 
1735	95 
1736	250 
1737	211 
1738	25 
1739	145 
1740	213 
1741	14 
1742	274 
1743	190 
1744	182 
1745	142 
1746	177 
1747	49 
1748	280 
1749	113 
1750	160 
1751	149 
1752	12 
1753	178 
1754	213 
1755	98 
1756	6 
1757	280 
1758	26 
1759	89 
1760	280 
1761	138 
1762	132 
1763	245 
1764	138 
1765	124 
1766	68 
1767	139 
1768	77 
1769	203 
1770	233 
1771	90 
1772	156 
1773	260 
1774	279 
1775	173 
1776	71 
1777	228 
1778	1 
1779	4 
1780	210 
1781	125 
1782	151 
1783	42 
1784	16 
1785	176 
1786	201 
1787	77 
1788	227 
1789	194 
1790	188 
1791	155 
1792	108 
1793	144 
1794	47 
1795	6 
1796	90 
1797	143 
1798	165 
1799	124 
1800	125 
1801	152 
1802	14 
1803	276 
1804	154 
1805	222 
1806	283 
1807	306 
1808	251 
1809	233 
1810	163 
1811	121 
1812	67 
1813	174 
1814	143 
1815	145 
1816	155 
1817	136 
1818	52 
1819	294 
1820	291 
1821	23 
1822	20 
1823	123 
1824	273 
1825	42 
1826	291 
1827	87 
1828	256 
1829	293 
1830	222 
1831	110 
1832	245 
1833	197 
1834	187 
1835	103 
1836	48 
1837	50 
1838	105 
1839	32 
1840	86 
1841	97 
1842	104 
1843	192 
1844	111 
1845	183 
1846	246 
1847	195 
1848	82 
1849	121 
1850	134 
1851	224 
1852	126 
1853	270 
1854	66 
1855	274 
1856	264 
1857	74 
1858	90 
1859	105 
1860	120 
1861	102 
1862	73 
1863	79 
1864	88 
1865	51 
1866	217 
1867	145 
1868	25 
1869	223 
1870	270 
1871	90 
1872	246 
1873	187 
1874	3 
1875	308 
1876	247 
1877	232 
1878	42 
1879	77 
1880	219 
1881	136 
1882	259 
1883	47 
1884	50 
1885	91 
1886	233 
1887	39 
1888	250 
1889	7 
1890	24 
1891	197 
1892	1 
1893	9 
1894	179 
1895	293 
1896	102 
1897	230 
1898	270 
1899	34 
1900	3 
1901	222 
1902	226 
1903	146 
1904	3 
1905	52 
1906	251 
1907	200 
1908	158 
1909	219 
1910	100 
1911	137 
1912	199 
1913	111 
1914	31 
1915	203 
1916	150 
1917	139 
1918	218 
1919	143 
1920	97 
1921	140 
1922	287 
1923	89 
1924	278 
1925	150 
1926	147 
1927	73 
1928	25 
1929	150 
1930	231 
1931	10 
1932	25 
1933	38 
1934	112 
1935	286 
1936	163 
1937	184 
1938	59 
1939	186 
1940	251 
1941	203 
1942	265 
1943	113 
1944	170 
1945	178 
1946	252 
1947	123 
1948	85 
1949	39 
1950	207 
1951	293 
1952	196 
1953	272 
1954	93 
1955	162 
1956	36 
1957	148 
1958	218 
1959	212 
1960	305 
1961	82 
1962	34 
1963	258 
1964	186 
1965	36 
1966	171 
1967	131 
1968	88 
1969	269 
1970	302 
1971	40 
1972	116 
1973	203 
1974	110 
1975	105 
1976	100 
1977	206 
1978	1 
1979	290 
1980	239 
1981	299 
1982	105 
1983	14 
1984	86 
1985	89 
1986	286 
1987	120 
1988	169 
1989	210 
1990	130 
1991	28 
1992	150 
1993	204 
1994	173 
1995	183 
1996	70 
1997	256 
1998	171 
1999	192 
2000	40 
2001	15 
2002	178 
2003	265 
2004	288 
2005	135 
2006	238 
2007	2 
2008	189 
2009	4 
2010	259 
2011	240 
2012	208 
2013	74 
2014	292 
2015	31 
2016	138 
2017	226 
2018	62 
2019	141 
2020	19 
2021	119 
2022	117 
2023	199 
2024	71 
2025	1 
2026	194 
2027	13 
2028	25 
2029	9 
2030	15 
2031	150 
2032	156 
2033	171 
2034	201 
2035	83 
2036	83 
2037	162 
2038	30 
2039	206 
2040	96 
2041	6 
2042	77 
2043	35 
2044	4 
2045	162 
2046	48 
2047	253 
2048	184 
2049	10 
2050	93 
2051	38 
2052	296 
2053	30 
2054	236 
2055	89 
2056	160 
2057	241 
2058	107 
2059	50 
2060	72 
2061	128 
2062	285 
2063	112 
2064	22 
2065	289 
2066	45 
2067	18 
2068	285 
2069	10 
2070	183 
2071	278 
2072	73 
2073	69 
2074	186 
2075	70 
2076	160 
2077	146 
2078	169 
2079	114 
2080	295 
2081	262 
2082	36 
2083	14 
2084	79 
2085	238 
2086	55 
2087	234 
2088	153 
2089	183 
2090	188 
2091	3 
2092	147 
2093	145 
2094	189 
2095	99 
2096	136 
2097	195 
2098	64 
2099	42 
2100	298 
2101	71 
2102	200 
2103	161 
2104	184 
2105	133 
2106	267 
2107	237 
2108	119 
2109	15 
2110	46 
2111	104 
2112	29 
2113	291 
2114	291 
2115	165 
2116	77 
2117	146 
2118	212 
2119	63 
2120	29 
2121	277 
2122	27 
2123	308 
2124	204 
2125	40 
2126	290 
2127	298 
2128	114 
2129	144 
2130	80 
2131	131 
2132	233 
2133	96 
2134	204 
2135	187 
2136	240 
2137	268 
2138	157 
2139	97 
2140	88 
2141	233 
2142	20 
2143	187 
2144	257 
2145	97 
2146	204 
2147	281 
2148	306 
2149	36 
2150	285 
2151	215 
2152	267 
2153	199 
2154	91 
2155	200 
2156	174 
2157	16 
2158	291 
2159	18 
2160	260 
2161	144 
2162	79 
2163	38 
2164	31 
2165	252 
2166	184 
2167	20 
2168	238 
2169	168 
2170	181 
2171	113 
2172	37 
2173	307 
2174	97 
2175	281 
2176	243 
2177	306 
2178	68 
2179	132 
2180	294 
2181	51 
2182	160 
2183	126 
2184	252 
2185	212 
2186	239 
2187	228 
2188	65 
2189	118 
2190	95 
2191	44 
2192	36 
2193	165 
2194	15 
2195	78 
2196	222 
2197	307 
2198	139 
2199	74 
2200	202 
2201	256 
2202	195 
2203	96 
2204	285 
2205	306 
2206	142 
2207	138 
2208	53 
2209	21 
2210	250 
2211	275 
2212	180 
2213	196 
2214	114 
2215	128 
2216	167 
2217	179 
2218	194 
2219	281 
2220	108 
2221	107 
2222	132 
2223	291 
2224	88 
2225	116 
2226	147 
2227	147 
2228	146 
2229	201 
2230	176 
2231	68 
2232	179 
2233	178 
2234	141 
2235	198 
2236	31 
2237	62 
2238	32 
2239	216 
2240	139 
2241	153 
2242	13 
2243	97 
2244	179 
2245	259 
2246	247 
2247	269 
2248	200 
2249	77 
2250	80 
2251	288 
2252	297 
2253	200 
2254	11 
2255	159 
2256	66 
2257	44 
2258	255 
2259	158 
2260	217 
2261	300 
2262	145 
2263	158 
2264	26 
2265	67 
2266	219 
2267	68 
2268	49 
2269	199 
2270	79 
2271	256 
2272	39 
2273	217 
2274	242 
2275	55 
2276	104 
2277	224 
2278	51 
2279	97 
2280	32 
2281	221 
2282	105 
2283	46 
2284	154 
2285	213 
2286	276 
2287	50 
2288	268 
2289	179 
2290	252 
2291	172 
2292	147 
2293	232 
2294	228 
2295	3 
2296	87 
2297	38 
2298	141 
2299	139 
2300	21 
2301	252 
2302	121 
2303	205 
2304	15 
2305	103 
2306	49 
2307	133 
2308	246 
2309	29 
2310	97 
2311	166 
2312	163 
2313	137 
2314	149 
2315	20 
2316	217 
2317	63 
2318	68 
2319	281 
2320	184 
2321	67 
2322	29 
2323	296 
2324	4 
2325	304 
2326	163 
2327	32 
2328	118 
2329	194 
2330	149 
2331	75 
2332	146 
2333	151 
2334	3 
2335	216 
2336	264 
2337	115 
2338	155 
2339	274 
2340	18 
2341	250 
2342	173 
2343	55 
2344	61 
2345	7 
2346	66 
2347	201 
2348	302 
2349	125 
2350	254 
2351	84 
2352	144 
2353	40 
2354	108 
2355	5 
2356	240 
2357	114 
2358	11 
2359	304 
2360	259 
2361	25 
2362	292 
2363	154 
2364	172 
2365	274 
2366	163 
2367	132 
2368	294 
2369	114 
2370	203 
2371	78 
2372	264 
2373	287 
2374	220 
2375	261 
2376	244 
2377	204 
2378	107 
2379	159 
2380	115 
2381	111 
2382	13 
2383	176 
2384	302 
2385	200 
2386	275 
2387	244 
2388	57 
2389	57 
2390	41 
2391	234 
2392	179 
2393	200 
2394	171 
2395	193 
2396	22 
2397	198 
2398	256 
2399	54 
2400	38 
2401	205 
2402	286 
2403	189 
2404	68 
2405	166 
2406	274 
2407	267 
2408	131 
2409	305 
2410	1 
2411	2 
2412	65 
2413	181 
2414	208 
2415	241 
2416	15 
2417	152 
2418	141 
2419	76 
2420	45 
2421	54 
2422	222 
2423	42 
2424	194 
2425	179 
2426	142 
2427	174 
2428	251 
2429	238 
2430	90 
2431	59 
2432	65 
2433	15 
2434	204 
2435	181 
2436	130 
2437	189 
2438	142 
2439	284 
2440	99 
2441	34 
2442	4 
2443	276 
2444	290 
2445	224 
2446	169 
2447	159 
2448	7 
2449	237 
2450	102 
2451	101 
2452	130 
2453	168 
2454	32 
2455	265 
2456	118 
2457	128 
2458	99 
2459	174 
2460	174 
2461	209 
2462	277 
2463	244 
2464	50 
2465	57 
2466	25 
2467	96 
2468	40 
2469	150 
2470	39 
2471	76 
2472	192 
2473	68 
2474	8 
2475	196 
2476	19 
2477	267 
2478	102 
2479	177 
2480	212 
2481	264 
2482	164 
2483	191 
2484	193 
2485	147 
2486	119 
2487	138 
2488	169 
2489	45 
2490	249 
2491	216 
2492	21 
2493	213 
2494	105 
2495	169 
2496	60 
2497	52 
2498	82 
2499	121 
2500	64 
2501	208 
2502	53 
2503	269 
2504	305 
2505	139 
2506	219 
2507	39 
2508	276 
2509	196 
2510	75 
2511	138 
2512	67 
2513	293 
2514	235 
2515	39 
2516	95 
2517	297 
2518	296 
2519	242 
2520	234 
2521	7 
2522	252 
2523	128 
2524	242 
2525	136 
2526	32 
2527	204 
2528	211 
2529	171 
2530	32 
2531	32 
2532	16 
2533	187 
2534	196 
2535	292 
2536	190 
2537	299 
2538	97 
2539	288 
2540	134 
2541	90 
2542	234 
2543	83 
2544	114 
2545	287 
2546	148 
2547	276 
2548	3 
2549	82 
2550	86 
2551	220 
2552	57 
2553	2 
2554	111 
2555	255 
2556	51 
2557	247 
2558	304 
2559	235 
2560	271 
2561	104 
2562	254 
2563	202 
2564	297 
2565	270 
2566	285 
2567	137 
2568	213 
2569	300 
2570	83 
2571	292 
2572	129 
2573	74 
2574	1 
2575	143 
2576	8 
2577	136 
2578	103 
2579	308 
2580	171 
2581	230 
2582	259 
2583	204 
2584	222 
2585	42 
2586	165 
2587	157 
2588	89 
2589	110 
2590	1 
2591	75 
2592	62 
2593	300 
2594	12 
2595	30 
2596	47 
2597	245 
2598	223 
2599	15 
2600	163 
2601	221 
2602	50 
2603	177 
2604	267 
2605	215 
2606	149 
2607	202 
2608	132 
2609	298 
2610	250 
2611	213 
2612	295 
2613	301 
2614	275 
2615	262 
2616	82 
2617	203 
2618	201 
2619	226 
2620	229 
2621	230 
2622	194 
2623	286 
2624	219 
2625	69 
2626	166 
2627	194 
2628	296 
2629	219 
2630	18 
2631	74 
2632	292 
2633	197 
2634	260 
2635	243 
2636	55 
2637	10 
2638	248 
2639	203 
2640	68 
2641	149 
2642	69 
2643	218 
2644	159 
2645	177 
2646	58 
2647	99 
2648	170 
2649	70 
2650	95 
2651	19 
2652	75 
2653	96 
2654	209 
2655	67 
2656	179 
2657	1 
2658	202 
2659	244 
2660	122 
2661	136 
2662	59 
2663	154 
2664	136 
2665	116 
2666	251 
2667	114 
2668	179 
2669	62 
2670	12 
2671	121 
2672	271 
2673	98 
2674	306 
2675	224 
2676	106 
2677	104 
2678	136 
2679	10 
2680	162 
2681	262 
2682	300 
2683	10 
2684	57 
2685	199 
2686	214 
2687	245 
2688	78 
2689	6 
2690	197 
2691	56 
2692	274 
2693	207 
2694	93 
2695	240 
2696	220 
2697	99 
2698	57 
2699	95 
2700	260 
2701	171 
2702	149 
2703	183 
2704	23 
2705	109 
2706	257 
2707	41 
2708	137 
2709	277 
2710	159 
2711	268 
2712	234 
2713	153 
2714	240 
2715	290 
2716	30 
2717	231 
2718	52 
2719	60 
2720	263 
2721	51 
2722	73 
2723	280 
2724	62 
2725	61 
2726	213 
2727	252 
2728	228 
2729	189 
2730	171 
2731	262 
2732	267 
2733	239 
2734	150 
2735	181 
2736	20 
2737	189 
2738	279 
2739	38 
2740	44 
2741	52 
2742	80 
2743	61 
2744	146 
2745	4 
2746	17 
2747	255 
2748	254 
2749	119 
2750	40 
2751	292 
2752	64 
2753	183 
2754	73 
2755	84 
2756	216 
2757	235 
2758	3 
2759	92 
2760	70 
2761	231 
2762	64 
2763	3 
2764	293 
2765	14 
2766	166 
2767	201 
2768	14 
2769	64 
2770	80 
2771	292 
2772	261 
2773	262 
2774	213 
2775	96 
2776	246 
2777	220 
2778	153 
2779	229 
2780	176 
2781	220 
2782	16 
2783	157 
2784	59 
2785	154 
2786	129 
2787	34 
2788	201 
2789	6 
2790	2 
2791	190 
2792	201 
2793	119 
2794	126 
2795	55 
2796	77 
2797	220 
2798	197 
2799	260 
2800	250 
2801	61 
2802	210 
2803	143 
2804	47 
2805	164 
2806	219 
2807	246 
2808	8 
2809	160 
2810	301 
2811	92 
2812	80 
2813	31 
2814	39 
2815	240 
2816	280 
2817	183 
2818	15 
2819	181 
2820	79 
2821	174 
2822	111 
2823	4 
2824	281 
2825	19 
2826	254 
2827	244 
2828	176 
2829	304 
2830	8 
2831	7 
2832	18 
2833	94 
2834	94 
2835	75 
2836	48 
2837	263 
2838	229 
2839	104 
2840	199 
2841	76 
2842	98 
2843	34 
2844	85 
2845	267 
2846	217 
2847	286 
2848	29 
2849	305 
2850	202 
2851	42 
2852	127 
2853	213 
2854	73 
2855	264 
2856	126 
2857	231 
2858	270 
2859	260 
2860	264 
2861	14 
2862	74 
2863	109 
2864	107 
2865	197 
2866	57 
2867	15 
2868	148 
2869	271 
2870	93 
2871	219 
2872	271 
2873	176 
2874	65 
2875	263 
2876	162 
2877	51 
2878	197 
2879	241 
2880	293 
2881	110 
2882	187 
2883	9 
2884	143 
2885	60 
2886	1 
2887	99 
2888	201 
2889	238 
2890	293 
2891	236 
2892	167 
2893	80 
2894	137 
2895	250 
2896	163 
2897	7 
2898	250 
2899	237 
2900	77 
2901	275 
2902	171 
2903	249 
2904	280 
2905	209 
2906	143 
2907	69 
2908	59 
2909	164 
2910	295 
2911	301 
2912	23 
2913	4 
2914	91 
2915	124 
2916	51 
2917	107 
2918	75 
2919	66 
2920	30 
2921	30 
2922	184 
2923	37 
2924	42 
2925	222 
2926	136 
2927	159 
2928	189 
2929	94 
2930	91 
2931	248 
2932	147 
2933	166 
2934	5 
2935	244 
2936	90 
2937	280 
2938	301 
2939	128 
2940	190 
2941	290 
2942	126 
2943	257 
2944	162 
2945	17 
2946	166 
2947	104 
2948	215 
2949	85 
2950	6 
2951	121 
2952	233 
2953	233 
2954	87 
2955	169 
2956	261 
2957	134 
2958	105 
2959	243 
2960	213 
2961	249 
2962	197 
2963	57 
2964	45 
2965	5 
2966	223 
2967	166 
2968	74 
2969	95 
2970	164 
2971	238 
2972	1 
2973	226 
2974	229 
2975	36 
2976	196 
2977	236 
2978	208 
2979	31 
2980	224 
2981	251 
2982	305 
2983	10 
2984	108 
2985	177 
2986	276 
2987	138 
2988	271 
2989	182 
2990	1 
2991	121 
2992	38 
2993	27 
2994	167 
2995	175 
2996	98 
2997	307 
2998	94 
2999	172 
3000	100 
3001	33 
3002	217 
3003	207 
3004	249 
3005	191 
3006	9 
3007	135 
3008	118 
3009	187 
3010	96 
3011	299 
3012	214 
3013	115 
3014	281 
3015	53 
3016	104 
3017	92 
3018	147 
3019	203 
3020	30 
3021	293 
3022	239 
3023	57 
3024	232 
3025	250 
3026	107 
3027	83 
3028	200 
3029	296 
3030	200 
3031	191 
3032	168 
3033	87 
3034	234 
3035	61 
3036	210 
3037	114 
3038	175 
3039	41 
3040	201 
3041	68 
3042	99 
3043	218 
3044	201 
3045	262 
3046	143 
3047	96 
3048	44 
3049	233 
3050	267 
3051	126 
3052	89 
3053	91 
3054	21 
3055	47 
3056	243 
3057	6 
3058	167 
3059	286 
3060	188 
3061	305 
3062	130 
3063	252 
3064	102 
3065	143 
3066	56 
3067	100 
3068	215 
3069	170 
3070	218 
3071	102 
3072	80 
3073	16 
3074	17 
3075	49 
3076	139 
3077	193 
3078	10 
3079	16 
3080	212 
3081	273 
3082	151 
3083	136 
3084	125 
3085	97 
3086	263 
3087	140 
3088	215 
3089	261 
3090	132 
3091	74 
3092	14 
3093	217 
3094	114 
3095	69 
3096	4 
3097	216 
3098	84 
3099	154 
3100	239 
3101	183 
3102	177 
3103	240 
3104	34 
3105	159 
3106	240 
3107	288 
3108	124 
3109	17 
3110	32 
3111	30 
3112	23 
3113	102 
3114	137 
3115	117 
3116	61 
3117	94 
3118	276 
3119	235 
3120	101 
3121	299 
3122	62 
3123	145 
3124	77 
3125	75 
3126	139 
3127	281 
3128	174 
3129	188 
3130	21 
3131	97 
3132	133 
3133	201 
3134	238 
3135	147 
3136	264 
3137	189 
3138	267 
3139	83 
3140	145 
3141	65 
3142	61 
3143	284 
3144	292 
3145	240 
3146	260 
3147	127 
3148	3 
3149	181 
3150	168 
3151	68 
3152	278 
3153	30 
3154	237 
3155	54 
3156	287 
3157	302 
3158	24 
3159	128 
3160	206 
3161	102 
3162	10 
3163	7 
3164	63 
3165	107 
3166	207 
3167	222 
3168	195 
3169	283 
3170	80 
3171	171 
3172	53 
3173	120 
3174	151 
3175	180 
3176	89 
3177	252 
3178	76 
3179	232 
3180	28 
3181	227 
3182	260 
3183	280 
3184	294 
3185	96 
3186	186 
3187	142 
3188	170 
3189	34 
3190	88 
3191	5 
3192	154 
3193	211 
3194	229 
3195	135 
3196	234 
3197	104 
3198	83 
3199	294 
3200	89 
3201	84 
3202	21 
3203	255 
3204	172 
3205	104 
3206	296 
3207	19 
3208	277 
3209	289 
3210	212 
3211	28 
3212	206 
3213	80 
3214	196 
3215	171 
3216	18 
3217	233 
3218	298 
3219	230 
3220	237 
3221	272 
3222	202 
3223	63 
3224	249 
3225	60 
3226	248 
3227	208 
3228	265 
3229	66 
3230	154 
3231	192 
3232	118 
3233	107 
3234	81 
3235	51 
3236	94 
3237	264 
3238	141 
3239	213 
3240	224 
3241	193 
3242	121 
3243	303 
3244	108 
3245	258 
3246	274 
3247	201 
3248	293 
3249	151 
3250	287 
3251	111 
3252	213 
3253	239 
3254	258 
3255	99 
3256	15 
3257	228 
3258	196 
3259	243 
3260	208 
3261	60 
3262	48 
3263	155 
3264	200 
3265	127 
3266	296 
3267	114 
3268	2 
3269	193 
3270	2 
3271	212 
3272	215 
3273	192 
3274	153 
3275	82 
3276	22 
3277	76 
3278	154 
3279	80 
3280	171 
3281	282 
3282	39 
3283	123 
3284	4 
3285	253 
3286	11 
3287	283 
3288	73 
3289	192 
3290	54 
3291	112 
3292	242 
3293	138 
3294	219 
3295	142 
3296	158 
3297	88 
3298	307 
3299	142 
3300	151 
3301	156 
3302	183 
3303	190 
3304	41 
3305	82 
3306	176 
3307	254 
3308	285 
3309	64 
3310	191 
3311	244 
3312	86 
3313	60 
3314	36 
3315	98 
3316	137 
3317	303 
3318	105 
3319	131 
3320	296 
3321	33 
3322	193 
3323	270 
3324	305 
3325	32 
3326	176 
3327	180 
3328	117 
3329	35 
3330	9 
3331	93 
3332	65 
3333	103 
3334	124 
3335	119 
3336	48 
3337	76 
3338	37 
3339	289 
3340	289 
3341	95 
3342	66 
3343	32 
3344	69 
3345	188 
3346	97 
3347	300 
3348	6 
3349	163 
3350	169 
3351	60 
3352	259 
3353	16 
3354	158 
3355	243 
3356	234 
3357	168 
3358	57 
3359	237 
3360	208 
3361	255 
3362	163 
3363	106 
3364	78 
3365	84 
3366	31 
3367	180 
3368	289 
3369	140 
3370	300 
3371	293 
3372	60 
3373	208 
3374	78 
3375	209 
3376	288 
3377	125 
3378	53 
3379	168 
3380	57 
3381	84 
3382	297 
3383	73 
3384	29 
3385	95 
3386	139 
3387	301 
3388	73 
3389	169 
3390	162 
3391	138 
3392	184 
3393	263 
3394	212 
3395	137 
3396	171 
3397	62 
3398	131 
3399	121 
3400	228 
3401	49 
3402	195 
3403	247 
3404	122 
3405	99 
3406	163 
3407	291 
3408	100 
3409	261 
3410	95 
3411	281 
3412	242 
3413	60 
3414	51 
3415	233 
3416	163 
3417	212 
3418	199 
3419	53 
3420	69 
3421	187 
3422	73 
3423	144 
3424	159 
3425	257 
3426	6 
3427	25 
3428	191 
3429	4 
3430	21 
3431	74 
3432	294 
3433	242 
3434	166 
3435	210 
3436	18 
3437	251 
3438	283 
3439	43 
3440	17 
3441	198 
3442	132 
3443	129 
3444	139 
3445	288 
3446	206 
3447	48 
3448	151 
3449	181 
3450	170 
3451	123 
3452	219 
3453	232 
3454	75 
3455	167 
3456	114 
3457	112 
3458	96 
3459	64 
3460	217 
3461	268 
3462	164 
3463	116 
3464	210 
3465	5 
3466	42 
3467	107 
3468	31 
3469	183 
3470	257 
3471	271 
3472	213 
3473	267 
3474	82 
3475	165 
3476	66 
3477	301 
3478	69 
3479	230 
3480	108 
3481	282 
3482	88 
3483	215 
3484	157 
3485	125 
3486	3 
3487	54 
3488	3 
3489	135 
3490	46 
3491	251 
3492	251 
3493	109 
3494	196 
3495	197 
3496	59 
3497	238 
3498	76 
3499	180 
3500	264 
3501	158 
3502	93 
3503	195 
3504	284 
3505	188 
3506	241 
3507	263 
3508	199 
3509	211 
3510	101 
3511	81 
3512	61 
3513	3 
3514	75 
3515	14 
3516	97 
3517	80 
3518	122 
3519	205 
3520	245 
3521	61 
3522	252 
3523	125 
3524	148 
3525	77 
3526	166 
3527	197 
3528	147 
3529	184 
3530	275 
3531	181 
3532	152 
3533	159 
3534	184 
3535	14 
3536	64 
3537	268 
3538	288 
3539	125 
3540	217 
3541	169 
3542	146 
3543	204 
3544	209 
3545	216 
3546	90 
3547	74 
3548	161 
3549	232 
3550	286 
3551	105 
3552	240 
3553	174 
3554	4 
3555	170 
3556	122 
3557	230 
3558	294 
3559	287 
3560	300 
3561	196 
3562	53 
3563	2 
3564	277 
3565	96 
3566	136 
3567	86 
3568	80 
3569	19 
3570	300 
3571	22 
3572	71 
3573	262 
3574	252 
3575	158 
3576	277 
3577	20 
3578	263 
3579	81 
3580	88 
3581	293 
3582	45 
3583	115 
3584	165 
3585	260 
3586	228 
3587	207 
3588	190 
3589	237 
3590	107 
3591	89 
3592	7 
3593	59 
3594	91 
3595	48 
3596	279 
3597	229 
3598	100 
3599	157 
3600	256 
3601	146 
3602	24 
3603	33 
3604	248 
3605	96 
3606	288 
3607	97 
3608	253 
3609	203 
3610	103 
3611	106 
3612	125 
3613	180 
3614	99 
3615	240 
3616	72 
3617	259 
3618	10 
3619	164 
3620	136 
3621	97 
3622	249 
3623	114 
3624	248 
3625	267 
3626	11 
3627	10 
3628	5 
3629	237 
3630	74 
3631	213 
3632	292 
3633	17 
3634	120 
3635	22 
3636	257 
3637	140 
3638	224 
3639	137 
3640	115 
3641	216 
3642	187 
3643	72 
3644	275 
3645	76 
3646	270 
3647	300 
3648	92 
3649	171 
3650	31 
3651	227 
3652	207 
3653	41 
3654	277 
3655	3 
3656	289 
3657	69 
3658	204 
3659	99 
3660	75 
3661	121 
3662	41 
3663	121 
3664	112 
3665	63 
3666	21 
3667	295 
3668	162 
3669	202 
3670	305 
3671	126 
3672	226 
3673	113 
3674	62 
3675	251 
3676	80 
3677	302 
3678	274 
3679	112 
3680	258 
3681	245 
3682	308 
3683	200 
3684	200 
3685	221 
3686	11 
3687	18 
3688	282 
3689	308 
3690	90 
3691	172 
3692	296 
3693	4 
3694	211 
3695	136 
3696	95 
3697	171 
3698	179 
3699	159 
3700	238 
3701	290 
3702	300 
3703	213 
3704	16 
3705	74 
3706	292 
3707	88 
3708	12 
3709	168 
3710	85 
3711	21 
3712	107 
3713	139 
3714	85 
3715	186 
3716	287 
3717	168 
3718	144 
3719	248 
3720	265 
3721	200 
3722	231 
3723	299 
3724	299 
3725	162 
3726	105 
3727	148 
3728	47 
3729	200 
3730	69 
3731	48 
3732	103 
3733	16 
3734	103 
3735	148 
3736	255 
3737	77 
3738	200 
3739	163 
3740	236 
3741	299 
3742	169 
3743	36 
3744	150 
3745	116 
3746	170 
3747	75 
3748	249 
3749	29 
3750	10 
3751	97 
3752	196 
3753	93 
3754	21 
3755	288 
3756	12 
3757	294 
3758	67 
3759	117 
3760	120 
3761	283 
3762	292 
3763	226 
3764	21 
3765	22 
3766	85 
3767	281 
3768	89 
3769	253 
3770	240 
3771	131 
3772	264 
3773	78 
3774	146 
3775	277 
3776	151 
3777	89 
3778	80 
3779	39 
3780	159 
3781	299 
3782	217 
3783	305 
3784	111 
3785	104 
3786	89 
3787	174 
3788	213 
3789	195 
3790	281 
3791	27 
3792	222 
3793	271 
3794	185 
3795	37 
3796	26 
3797	44 
3798	258 
3799	285 
3800	144 
3801	39 
3802	26 
3803	117 
3804	22 
3805	16 
3806	287 
3807	155 
3808	296 
3809	280 
3810	270 
3811	194 
3812	29 
3813	137 
3814	147 
3815	6 
3816	92 
3817	252 
3818	46 
3819	250 
3820	85 
3821	54 
3822	258 
3823	96 
3824	66 
3825	99 
3826	291 
3827	178 
3828	125 
3829	261 
3830	10 
3831	295 
3832	36 
3833	298 
3834	182 
3835	141 
3836	196 
3837	24 
3838	295 
3839	169 
3840	257 
3841	218 
3842	49 
3843	212 
3844	62 
3845	47 
3846	255 
3847	289 
3848	61 
3849	233 
3850	74 
3851	135 
3852	259 
3853	178 
3854	241 
3855	18 
3856	13 
3857	295 
3858	281 
3859	67 
3860	179 
3861	135 
3862	216 
3863	145 
3864	136 
3865	207 
3866	65 
3867	275 
3868	45 
3869	239 
3870	42 
3871	271 
3872	130 
3873	6 
3874	201 
3875	94 
3876	159 
3877	23 
3878	113 
3879	74 
3880	163 
3881	17 
3882	232 
3883	79 
3884	218 
3885	118 
3886	221 
3887	24 
3888	134 
3889	106 
3890	139 
3891	52 
3892	287 
3893	83 
3894	239 
3895	304 
3896	256 
3897	29 
3898	143 
3899	263 
3900	107 
3901	101 
3902	218 
3903	286 
3904	254 
3905	4 
3906	212 
3907	5 
3908	125 
3909	261 
3910	183 
3911	83 
3912	203 
3913	202 
3914	90 
3915	143 
3916	245 
3917	199 
3918	107 
3919	92 
3920	252 
3921	41 
3922	52 
3923	21 
3924	282 
3925	142 
3926	71 
3927	260 
3928	217 
3929	94 
3930	140 
3931	138 
3932	304 
3933	79 
3934	159 
3935	163 
3936	248 
3937	158 
3938	132 
3939	143 
3940	171 
3941	131 
3942	141 
3943	249 
3944	53 
3945	76 
3946	100 
3947	269 
3948	76 
3949	251 
3950	143 
3951	71 
3952	274 
3953	96 
3954	131 
3955	93 
3956	308 
3957	221 
3958	42 
3959	21 
3960	169 
3961	128 
3962	235 
3963	1 
3964	189 
3965	202 
3966	106 
3967	200 
3968	199 
3969	61 
3970	79 
3971	20 
3972	286 
3973	241 
3974	263 
3975	157 
3976	192 
3977	248 
3978	55 
3979	281 
3980	63 
3981	163 
3982	98 
3983	63 
3984	192 
3985	292 
3986	57 
3987	60 
3988	66 
3989	226 
3990	24 
3991	191 
3992	24 
3993	31 
3994	62 
3995	275 
3996	167 
3997	142 
3998	52 
3999	251 
4000	211 
4001	120 
4002	29 
4003	127 
4004	139 
4005	204 
4006	112 
4007	201 
4008	40 
4009	195 
4010	1 
4011	86 
4012	207 
4013	196 
4014	109 
4015	32 
4016	264 
4017	295 
4018	278 
4019	199 
4020	294 
4021	154 
4022	78 
4023	86 
4024	306 
4025	264 
4026	74 
4027	73 
4028	17 
4029	37 
4030	276 
4031	209 
4032	297 
4033	111 
4034	209 
4035	166 
4036	228 
4037	242 
4038	24 
4039	289 
4040	98 
4041	105 
4042	270 
4043	185 
4044	86 
4045	286 
4046	18 
4047	48 
4048	142 
4049	150 
4050	41 
4051	181 
4052	270 
4053	255 
4054	96 
4055	270 
4056	294 
4057	88 
4058	85 
4059	169 
4060	258 
4061	166 
4062	170 
4063	195 
4064	248 
4065	30 
4066	307 
4067	57 
4068	8 
4069	134 
4070	260 
4071	280 
4072	139 
4073	37 
4074	34 
4075	227 
4076	306 
4077	285 
4078	202 
4079	66 
4080	186 
4081	300 
4082	190 
4083	18 
4084	51 
4085	253 
4086	57 
4087	217 
4088	159 
4089	95 
4090	193 
4091	41 
4092	24 
4093	84 
4094	123 
4095	171 
4096	261 
4097	282 
4098	238 
4099	280 
4100	134 
4101	279 
4102	207 
4103	229 
4104	112 
4105	9 
4106	149 
4107	114 
4108	162 
4109	148 
4110	132 
4111	212 
4112	137 
4113	159 
4114	172 
4115	204 
4116	68 
4117	213 
4118	96 
4119	99 
4120	239 
4121	6 
4122	268 
4123	294 
4124	91 
4125	47 
4126	176 
4127	159 
4128	29 
4129	179 
4130	260 
4131	298 
4132	3 
4133	220 
4134	180 
4135	160 
4136	64 
4137	262 
4138	4 
4139	8 
4140	290 
4141	299 
4142	175 
4143	264 
4144	16 
4145	272 
4146	292 
4147	226 
4148	187 
4149	19 
4150	50 
4151	98 
4152	95 
4153	232 
4154	150 
4155	132 
4156	308 
4157	34 
4158	291 
4159	114 
4160	78 
4161	262 
4162	239 
4163	216 
4164	270 
4165	229 
4166	17 
4167	14 
4168	32 
4169	291 
4170	208 
4171	10 
4172	171 
4173	122 
4174	212 
4175	97 
4176	165 
4177	131 
4178	65 
4179	71 
4180	149 
4181	180 
4182	261 
4183	98 
4184	3 
4185	189 
4186	217 
4187	166 
4188	39 
4189	49 
4190	94 
4191	242 
4192	236 
4193	102 
4194	11 
4195	306 
4196	49 
4197	96 
4198	46 
4199	196 
4200	97 
4201	280 
4202	159 
4203	236 
4204	9 
4205	142 
4206	92 
4207	59 
4208	16 
4209	238 
4210	251 
4211	251 
4212	294 
4213	296 
4214	120 
4215	233 
4216	204 
4217	242 
4218	46 
4219	227 
4220	166 
4221	59 
4222	299 
4223	134 
4224	285 
4225	145 
4226	238 
4227	75 
4228	18 
4229	203 
4230	45 
4231	222 
4232	57 
4233	109 
4234	55 
4235	268 
4236	194 
4237	75 
4238	276 
4239	203 
4240	88 
4241	231 
4242	87 
4243	280 
4244	285 
4245	238 
4246	3 
4247	82 
4248	85 
4249	201 
4250	51 
4251	256 
4252	150 
4253	61 
4254	204 
4255	223 
4256	173 
4257	10 
4258	187 
4259	104 
4260	231 
4261	61 
4262	143 
4263	18 
4264	139 
4265	297 
4266	33 
4267	304 
4268	101 
4269	19 
4270	303 
4271	244 
4272	222 
4273	200 
4274	95 
4275	35 
4276	19 
4277	246 
4278	141 
4279	141 
4280	141 
4281	226 
4282	166 
4283	33 
4284	224 
4285	18 
4286	170 
4287	69 
4288	39 
4289	298 
4290	288 
4291	114 
4292	99 
4293	164 
4294	87 
4295	277 
4296	273 
4297	76 
4298	10 
4299	104 
4300	15 
4301	212 
4302	115 
4303	211 
4304	18 
4305	29 
4306	164 
4307	240 
4308	283 
4309	279 
4310	250 
4311	97 
4312	58 
4313	98 
4314	164 
4315	119 
4316	40 
4317	27 
4318	233 
4319	181 
4320	177 
4321	15 
4322	54 
4323	265 
4324	303 
4325	179 
4326	123 
4327	100 
4328	210 
4329	181 
4330	101 
4331	204 
4332	222 
4333	212 
4334	218 
4335	90 
4336	296 
4337	139 
4338	166 
4339	273 
4340	251 
4341	281 
4342	194 
4343	280 
4344	172 
4345	292 
4346	126 
4347	284 
4348	291 
4349	228 
4350	230 
4351	166 
4352	259 
4353	104 
4354	31 
4355	177 
4356	296 
4357	82 
4358	11 
4359	168 
4360	146 
4361	110 
4362	229 
4363	97 
4364	132 
4365	75 
4366	5 
4367	201 
4368	28 
4369	252 
4370	154 
4371	17 
4372	17 
4373	26 
4374	216 
4375	97 
4376	39 
4377	261 
4378	195 
4379	296 
4380	16 
4381	38 
4382	190 
4383	66 
4384	185 
4385	292 
4386	109 
4387	129 
4388	217 
4389	244 
4390	286 
4391	111 
4392	291 
4393	275 
4394	136 
4395	248 
4396	203 
4397	118 
4398	292 
4399	56 
4400	77 
4401	89 
4402	19 
4403	77 
4404	109 
4405	148 
4406	39 
4407	93 
4408	216 
4409	168 
4410	9 
4411	280 
4412	218 
4413	42 
4414	238 
4415	117 
4416	88 
4417	189 
4418	44 
4419	180 
4420	267 
4421	177 
4422	129 
4423	196 
4424	286 
4425	183 
4426	159 
4427	279 
4428	44 
4429	288 
4430	301 
4431	136 
4432	18 
4433	60 
4434	144 
4435	218 
4436	83 
4437	61 
4438	293 
4439	179 
4440	293 
4441	97 
4442	292 
4443	11 
4444	107 
4445	74 
4446	161 
4447	29 
4448	67 
4449	181 
4450	30 
4451	191 
4452	31 
4453	78 
4454	101 
4455	17 
4456	233 
4457	185 
4458	269 
4459	48 
4460	144 
4461	65 
4462	157 
4463	267 
4464	210 
4465	189 
4466	163 
4467	177 
4468	163 
4469	95 
4470	127 
4471	299 
4472	139 
4473	209 
4474	261 
4475	209 
4476	278 
4477	274 
4478	192 
4479	55 
4480	278 
4481	137 
4482	214 
4483	195 
4484	2 
4485	119 
4486	151 
4487	243 
4488	208 
4489	274 
4490	131 
4491	90 
4492	102 
4493	270 
4494	168 
4495	212 
4496	76 
4497	123 
4498	70 
4499	32 
4500	32 
4501	32 
4502	107 
4503	228 
4504	112 
4505	111 
4506	114 
4507	45 
4508	83 
4509	183 
4510	224 
4511	152 
4512	25 
4513	175 
4514	240 
4515	72 
4516	32 
4517	39 
4518	226 
4519	97 
4520	254 
4521	263 
4522	56 
4523	306 
4524	104 
4525	205 
4526	64 
4527	164 
4528	227 
4529	258 
4530	142 
4531	19 
4532	116 
4533	260 
4534	215 
4535	272 
4536	198 
4537	252 
4538	71 
4539	156 
4540	34 
4541	196 
4542	24 
4543	167 
4544	101 
4545	72 
4546	168 
4547	234 
4548	226 
4549	282 
4550	296 
4551	102 
4552	176 
4553	89 
4554	170 
4555	11 
4556	85 
4557	204 
4558	214 
4559	98 
4560	86 
4561	129 
4562	127 
4563	259 
4564	262 
4565	103 
4566	245 
4567	145 
4568	249 
4569	197 
4570	281 
4571	74 
4572	284 
4573	273 
4574	236 
4575	299 
4576	85 
4577	32 
4578	59 
4579	37 
4580	189 
4581	196 
4582	59 
4583	107 
4584	307 
4585	32 
4586	300 
4587	215 
4588	98 
4589	217 
4590	23 
4591	221 
4592	89 
4593	30 
4594	277 
4595	85 
4596	38 
4597	8 
4598	168 
4599	275 
4600	19 
4601	225 
4602	266 
4603	277 
4604	167 
4605	285 
4606	189 
4607	281 
4608	228 
4609	21 
4610	201 
4611	77 
4612	228 
4613	222 
4614	93 
4615	32 
4616	271 
4617	284 
4618	154 
4619	39 
4620	192 
4621	217 
4622	233 
4623	166 
4624	107 
4625	95 
4626	214 
4627	171 
4628	16 
4629	76 
4630	137 
4631	225 
4632	120 
4633	166 
4634	260 
4635	176 
4636	104 
4637	3 
4638	58 
4639	59 
4640	57 
4641	155 
4642	180 
4643	162 
4644	31 
4645	267 
4646	287 
4647	189 
4648	237 
4649	294 
4650	112 
4651	202 
4652	64 
4653	96 
4654	223 
4655	251 
4656	191 
4657	15 
4658	150 
4659	116 
4660	189 
4661	277 
4662	102 
4663	104 
4664	16 
4665	252 
4666	32 
4667	287 
4668	237 
4669	166 
4670	156 
4671	167 
4672	194 
4673	57 
4674	93 
4675	260 
4676	176 
4677	203 
4678	77 
4679	111 
4680	15 
4681	292 
4682	181 
4683	271 
4684	82 
4685	196 
4686	273 
4687	176 
4688	139 
4689	264 
4690	201 
4691	118 
4692	175 
4693	198 
4694	298 
4695	233 
4696	260 
4697	76 
4698	58 
4699	59 
4700	250 
4701	69 
4702	268 
4703	32 
4704	157 
4705	78 
4706	274 
4707	153 
4708	119 
4709	95 
4710	81 
4711	225 
4712	298 
4713	140 
4714	68 
4715	11 
4716	155 
4717	106 
4718	179 
4719	154 
4720	3 
4721	255 
4722	60 
4723	196 
4724	65 
4725	118 
4726	282 
4727	6 
4728	22 
4729	9 
4730	176 
4731	87 
4732	112 
4733	65 
4734	109 
4735	142 
4736	76 
4737	217 
4738	11 
4739	252 
4740	75 
4741	25 
4742	225 
4743	23 
4744	145 
4745	215 
4746	155 
4747	111 
4748	262 
4749	111 
4750	193 
4751	83 
4752	136 
4753	279 
4754	6 
4755	274 
4756	12 
4757	222 
4758	9 
4759	150 
4760	226 
4761	162 
4762	55 
4763	36 
4764	146 
4765	179 
4766	2 
4767	169 
4768	202 
4769	50 
4770	236 
4771	121 
4772	303 
4773	186 
4774	135 
4775	97 
4776	48 
4777	97 
4778	8 
4779	198 
4780	21 
4781	236 
4782	262 
4783	155 
4784	237 
4785	26 
4786	116 
4787	40 
4788	20 
4789	208 
4790	55 
4791	4 
4792	31 
4793	159 
4794	165 
4795	207 
4796	285 
4797	96 
4798	95 
4799	71 
4800	86 
4801	299 
4802	158 
4803	34 
4804	83 
4805	104 
4806	247 
4807	173 
4808	53 
4809	249 
4810	153 
4811	15 
4812	98 
4813	219 
4814	99 
4815	276 
4816	90 
4817	167 
4818	285 
4819	86 
4820	265 
4821	264 
4822	44 
4823	45 
4824	69 
4825	50 
4826	232 
4827	136 
4828	270 
4829	64 
4830	219 
4831	161 
4832	191 
4833	292 
4834	129 
4835	6 
4836	194 
4837	267 
4838	138 
4839	269 
4840	251 
4841	125 
4842	222 
4843	91 
4844	162 
4845	138 
4846	210 
4847	216 
4848	20 
4849	15 
4850	46 
4851	248 
4852	268 
4853	15 
4854	53 
4855	35 
4856	238 
4857	97 
4858	219 
4859	82 
4860	63 
4861	163 
4862	91 
4863	240 
4864	302 
4865	290 
4866	292 
4867	5 
4868	104 
4869	231 
4870	75 
4871	153 
4872	235 
4873	178 
4874	26 
4875	41 
4876	18 
4877	141 
4878	23 
4879	175 
4880	264 
4881	24 
4882	304 
4883	226 
4884	224 
4885	41 
4886	140 
4887	102 
4888	141 
4889	95 
4890	291 
4891	91 
4892	204 
4893	204 
4894	180 
4895	180 
4896	184 
4897	182 
4898	298 
4899	95 
4900	161 
4901	201 
4902	133 
4903	165 
4904	224 
4905	70 
4906	242 
4907	47 
4908	259 
4909	150 
4910	92 
4911	43 
4912	44 
4913	145 
4914	88 
4915	116 
4916	43 
4917	96 
4918	132 
4919	132 
4920	288 
4921	280 
4922	8 
4923	114 
4924	213 
4925	195 
4926	266 
4927	42 
4928	171 
4929	192 
4930	76 
4931	227 
4932	172 
4933	76 
4934	224 
4935	111 
4936	62 
4937	98 
4938	273 
4939	277 
4940	161 
4941	288 
4942	42 
4943	249 
4944	12 
4945	274 
4946	232 
4947	129 
4948	239 
4949	144 
4950	185 
4951	210 
4952	172 
4953	268 
4954	60 
4955	270 
4956	297 
4957	86 
4958	228 
4959	257 
4960	266 
4961	95 
4962	149 
4963	129 
4964	15 
4965	7 
4966	288 
4967	82 
4968	226 
4969	156 
4970	108 
4971	279 
4972	267 
4973	223 
4974	57 
4975	166 
4976	62 
4977	16 
4978	76 
4979	71 
4980	294 
4981	16 
4982	74 
4983	302 
4984	113 
4985	277 
4986	183 
4987	283 
4988	147 
4989	294 
4990	144 
4991	249 
4992	245 
4993	190 
4994	144 
4995	142 
4996	261 
4997	255 
4998	6 
4999	158 
5000	180 
5001	20 
5002	174 
5003	214 
5004	207 
5005	214 
5006	176 
5007	19 
5008	108 
5009	58 
5010	44 
5011	208 
5012	173 
5013	274 
5014	293 
5015	202 
5016	297 
5017	235 
5018	70 
5019	72 
5020	94 
5021	282 
5022	166 
5023	119 
5024	141 
5025	51 
5026	243 
5027	100 
5028	14 
5029	43 
5030	282 
5031	42 
5032	251 
5033	21 
5034	127 
5035	56 
5036	125 
5037	209 
5038	29 
5039	264 
5040	55 
5041	70 
5042	259 
5043	255 
5044	120 
5045	198 
5046	196 
5047	14 
5048	90 
5049	101 
5050	296 
5051	189 
5052	88 
5053	48 
5054	154 
5055	284 
5056	155 
5057	161 
5058	259 
5059	3 
5060	170 
5061	59 
5062	19 
5063	226 
5064	298 
5065	190 
5066	37 
5067	57 
5068	291 
5069	90 
5070	230 
5071	157 
5072	291 
5073	54 
5074	25 
5075	137 
5076	172 
5077	119 
5078	86 
5079	26 
5080	53 
5081	64 
5082	241 
5083	286 
5084	96 
5085	94 
5086	102 
5087	35 
5088	7 
5089	46 
5090	268 
5091	39 
5092	182 
5093	94 
5094	157 
5095	55 
5096	243 
5097	189 
5098	61 
5099	125 
5100	93 
5101	200 
5102	13 
5103	175 
5104	240 
5105	127 
5106	137 
5107	189 
5108	139 
5109	231 
5110	104 
5111	20 
5112	77 
5113	94 
5114	136 
5115	3 
5116	75 
5117	298 
5118	133 
5119	42 
5120	125 
5121	195 
5122	65 
5123	138 
5124	275 
5125	302 
5126	256 
5127	154 
5128	262 
5129	242 
5130	43 
5131	110 
5132	188 
5133	85 
5134	115 
5135	249 
5136	255 
5137	66 
5138	187 
5139	58 
5140	43 
5141	168 
5142	69 
5143	244 
5144	163 
5145	138 
5146	298 
5147	254 
5148	192 
5149	52 
5150	121 
5151	236 
5152	287 
5153	278 
5154	130 
5155	155 
5156	221 
5157	278 
5158	108 
5159	132 
5160	123 
5161	254 
5162	94 
5163	230 
5164	198 
5165	138 
5166	69 
5167	138 
5168	24 
5169	270 
5170	89 
5171	191 
5172	15 
5173	23 
5174	233 
5175	245 
5176	204 
5177	260 
5178	264 
5179	236 
5180	193 
5181	121 
5182	35 
5183	225 
5184	166 
5185	212 
5186	72 
5187	104 
5188	200 
5189	42 
5190	3 
5191	281 
5192	270 
5193	250 
5194	136 
5195	129 
5196	238 
5197	46 
5198	101 
5199	266 
5200	66 
5201	231 
5202	286 
5203	212 
5204	144 
5205	224 
5206	32 
5207	294 
5208	211 
5209	280 
5210	276 
5211	82 
5212	299 
5213	127 
5214	284 
5215	113 
5216	161 
5217	56 
5218	184 
5219	232 
5220	204 
5221	305 
5222	33 
5223	32 
5224	220 
5225	42 
5226	154 
5227	275 
5228	179 
5229	59 
5230	88 
5231	47 
5232	31 
5233	137 
5234	227 
5235	17 
5236	150 
5237	183 
5238	205 
5239	2 
5240	176 
5241	130 
5242	21 
5243	99 
5244	205 
5245	78 
5246	62 
5247	284 
5248	101 
5249	20 
5250	176 
5251	245 
5252	4 
5253	184 
5254	47 
5255	98 
5256	180 
5257	3 
5258	203 
5259	9 
5260	129 
5261	201 
5262	158 
5263	32 
5264	85 
5265	273 
5266	118 
5267	89 
5268	65 
5269	90 
5270	18 
5271	14 
5272	298 
5273	74 
5274	171 
5275	3 
5276	290 
5277	60 
5278	308 
5279	143 
5280	254 
5281	212 
5282	148 
5283	26 
5284	118 
5285	148 
5286	34 
5287	16 
5288	62 
5289	106 
5290	137 
5291	28 
5292	293 
5293	68 
5294	256 
5295	188 
5296	51 
5297	138 
5298	201 
5299	73 
5300	161 
5301	252 
5302	140 
5303	70 
5304	88 
5305	229 
5306	1 
5307	237 
5308	305 
5309	35 
5310	142 
5311	231 
5312	296 
5313	298 
5314	146 
5315	103 
5316	112 
5317	203 
5318	248 
5319	189 
5320	299 
5321	215 
5322	308 
5323	160 
5324	29 
5325	187 
5326	199 
5327	281 
5328	293 
5329	3 
5330	216 
5331	166 
5332	115 
5333	267 
5334	45 
5335	35 
5336	219 
5337	179 
5338	240 
5339	186 
5340	183 
5341	132 
5342	68 
5343	121 
5344	229 
5345	294 
5346	204 
5347	145 
5348	181 
5349	101 
5350	65 
5351	111 
5352	34 
5353	266 
5354	213 
5355	201 
5356	219 
5357	134 
5358	302 
5359	11 
5360	254 
5361	93 
5362	14 
5363	137 
5364	56 
5365	166 
5366	256 
5367	230 
5368	279 
5369	210 
5370	270 
5371	15 
5372	55 
5373	227 
5374	185 
5375	300 
5376	35 
5377	181 
5378	76 
5379	34 
5380	233 
5381	68 
5382	47 
5383	85 
5384	74 
5385	104 
5386	295 
5387	285 
5388	24 
5389	206 
5390	39 
5391	203 
5392	145 
5393	42 
5394	244 
5395	55 
5396	26 
5397	143 
5398	157 
5399	277 
5400	115 
5401	91 
5402	279 
5403	107 
5404	278 
5405	16 
5406	24 
5407	125 
5408	158 
5409	173 
5410	230 
5411	290 
5412	172 
5413	290 
5414	54 
5415	304 
5416	80 
5417	256 
5418	303 
5419	116 
5420	229 
5421	242 
5422	182 
5423	162 
5424	84 
5425	232 
5426	227 
5427	81 
5428	267 
5429	286 
5430	100 
5431	233 
5432	251 
5433	144 
5434	161 
5435	59 
5436	187 
5437	239 
5438	201 
5439	123 
5440	212 
5441	14 
5442	237 
5443	260 
5444	134 
5445	144 
5446	10 
5447	103 
5448	270 
5449	186 
5450	291 
5451	27 
5452	267 
5453	87 
5454	294 
5455	10 
5456	269 
5457	231 
5458	285 
5459	258 
5460	47 
5461	82 
5462	209 
5463	261 
5464	133 
5465	23 
5466	152 
5467	84 
5468	249 
5469	301 
5470	46 
5471	262 
5472	142 
5473	102 
5474	238 
5475	152 
5476	17 
5477	133 
5478	84 
5479	289 
5480	246 
5481	92 
5482	243 
5483	169 
5484	9 
5485	75 
5486	17 
5487	160 
5488	120 
5489	178 
5490	204 
5491	297 
5492	267 
5493	250 
5494	22 
5495	61 
5496	274 
5497	84 
5498	116 
5499	1 
5500	26 
5501	269 
5502	263 
5503	168 
5504	84 
5505	246 
5506	169 
5507	95 
5508	26 
5509	298 
5510	44 
5511	28 
5512	11 
5513	183 
5514	272 
5515	112 
5516	308 
5517	122 
5518	203 
5519	77 
5520	176 
5521	157 
5522	19 
5523	251 
5524	122 
5525	76 
5526	292 
5527	75 
5528	139 
5529	264 
5530	261 
5531	185 
5532	294 
5533	171 
5534	94 
5535	146 
5536	185 
5537	192 
5538	105 
5539	203 
5540	24 
5541	89 
5542	289 
5543	17 
5544	119 
5545	61 
5546	214 
5547	214 
5548	2 
5549	55 
5550	117 
5551	234 
5552	279 
5553	287 
5554	213 
5555	133 
5556	41 
5557	63 
5558	106 
5559	45 
5560	154 
5561	113 
5562	155 
5563	47 
5564	219 
5565	240 
5566	97 
5567	2 
5568	254 
5569	276 
5570	197 
5571	16 
5572	61 
5573	102 
5574	123 
5575	144 
5576	256 
5577	113 
5578	137 
5579	148 
5580	68 
5581	1 
5582	94 
5583	162 
5584	157 
5585	209 
5586	262 
5587	207 
5588	240 
5589	40 
5590	242 
5591	202 
5592	104 
5593	236 
5594	234 
5595	247 
5596	236 
5597	210 
5598	64 
5599	169 
5600	204 
5601	262 
5602	49 
5603	292 
5604	109 
5605	238 
5606	263 
5607	97 
5608	229 
5609	66 
5610	226 
5611	178 
5612	72 
5613	141 
5614	59 
5615	302 
5616	139 
5617	73 
5618	288 
5619	279 
5620	46 
5621	226 
5622	289 
5623	307 
5624	83 
5625	274 
5626	10 
5627	245 
5628	208 
5629	24 
5630	151 
5631	280 
5632	216 
5633	185 
5634	227 
5635	22 
5636	163 
5637	234 
5638	270 
5639	291 
5640	217 
5641	153 
5642	36 
5643	293 
5644	113 
5645	126 
5646	263 
5647	242 
5648	11 
5649	195 
5650	103 
5651	265 
5652	217 
5653	84 
5654	239 
5655	260 
5656	65 
5657	120 
5658	161 
5659	115 
5660	271 
5661	194 
5662	28 
5663	195 
5664	111 
5665	123 
5666	108 
5667	242 
5668	65 
5669	76 
5670	236 
5671	242 
5672	93 
5673	277 
5674	185 
5675	85 
5676	171 
5677	132 
5678	306 
5679	176 
5680	296 
5681	39 
5682	138 
5683	98 
5684	243 
5685	178 
5686	275 
5687	83 
5688	14 
5689	163 
5690	177 
5691	166 
5692	210 
5693	80 
5694	114 
5695	182 
5696	114 
5697	250 
5698	98 
5699	226 
5700	29 
5701	254 
5702	296 
5703	113 
5704	18 
5705	294 
5706	202 
5707	247 
5708	187 
5709	131 
5710	139 
5711	254 
5712	274 
5713	280 
5714	247 
5715	162 
5716	269 
5717	183 
5718	40 
5719	85 
5720	185 
5721	288 
5722	222 
5723	26 
5724	76 
5725	50 
5726	292 
5727	286 
5728	43 
5729	195 
5730	103 
5731	275 
5732	262 
5733	155 
5734	281 
5735	18 
5736	44 
5737	266 
5738	158 
5739	201 
5740	121 
5741	146 
5742	116 
5743	114 
5744	40 
5745	132 
5746	277 
5747	90 
5748	108 
5749	85 
5750	121 
5751	176 
5752	4 
5753	101 
5754	88 
5755	303 
5756	22 
5757	144 
5758	34 
5759	14 
5760	73 
5761	52 
5762	169 
5763	236 
5764	107 
5765	141 
5766	229 
5767	163 
5768	39 
5769	16 
5770	299 
5771	32 
5772	75 
5773	162 
5774	274 
5775	21 
5776	235 
5777	237 
5778	117 
5779	219 
5780	34 
5781	60 
5782	205 
5783	244 
5784	95 
5785	143 
5786	143 
5787	234 
5788	84 
5789	126 
5790	198 
5791	97 
5792	30 
5793	147 
5794	87 
5795	157 
5796	140 
5797	126 
5798	188 
5799	222 
5800	247 
5801	4 
5802	267 
5803	153 
5804	48 
5805	295 
5806	58 
5807	51 
5808	12 
5809	243 
5810	55 
5811	149 
5812	184 
5813	40 
5814	211 
5815	54 
5816	275 
5817	272 
5818	83 
5819	223 
5820	216 
5821	9 
5822	226 
5823	125 
5824	229 
5825	98 
5826	95 
5827	145 
5828	21 
5829	51 
5830	138 
5831	51 
5832	155 
5833	159 
5834	187 
5835	195 
5836	54 
5837	213 
5838	125 
5839	141 
5840	53 
5841	96 
5842	180 
5843	172 
5844	216 
5845	277 
5846	17 
5847	266 
5848	34 
5849	258 
5850	84 
5851	273 
5852	182 
5853	30 
5854	149 
5855	244 
5856	22 
5857	82 
5858	272 
5859	146 
5860	305 
5861	118 
5862	47 
5863	148 
5864	54 
5865	280 
5866	46 
5867	68 
5868	82 
5869	162 
5870	222 
5871	265 
5872	230 
5873	22 
5874	138 
5875	42 
5876	120 
5877	152 
5878	28 
5879	301 
5880	125 
5881	3 
5882	141 
5883	121 
5884	41 
5885	10 
5886	35 
5887	70 
5888	242 
5889	201 
5890	253 
5891	15 
5892	99 
5893	272 
5894	156 
5895	275 
5896	216 
5897	143 
5898	37 
5899	132 
5900	25 
5901	75 
5902	63 
5903	168 
5904	120 
5905	197 
5906	111 
5907	211 
5908	103 
5909	283 
5910	258 
5911	40 
5912	66 
5913	184 
5914	21 
5915	222 
5916	184 
5917	156 
5918	139 
5919	43 
5920	222 
5921	89 
5922	37 
5923	254 
5924	132 
5925	72 
5926	252 
5927	96 
5928	150 
5929	236 
5930	14 
5931	280 
5932	73 
5933	118 
5934	150 
5935	85 
5936	33 
5937	232 
5938	289 
5939	151 
5940	260 
5941	252 
5942	256 
5943	83 
5944	261 
5945	58 
5946	272 
5947	204 
5948	189 
5949	291 
5950	197 
5951	265 
5952	168 
5953	153 
5954	111 
5955	51 
5956	233 
5957	259 
5958	150 
5959	260 
5960	246 
5961	104 
5962	51 
5963	240 
5964	38 
5965	229 
5966	284 
5967	204 
5968	187 
5969	162 
5970	57 
5971	96 
5972	289 
5973	240 
5974	105 
5975	19 
5976	218 
5977	286 
5978	65 
5979	13 
5980	200 
5981	153 
5982	74 
5983	4 
5984	259 
5985	227 
5986	239 
5987	113 
5988	10 
5989	256 
5990	185 
5991	63 
5992	61 
5993	146 
5994	277 
5995	61 
5996	235 
5997	195 
5998	59 
5999	280 
6000	280 
6001	68 
6002	226 
6003	256 
6004	17 
6005	76 
6006	169 
6007	160 
6008	33 
6009	115 
6010	21 
6011	76 
6012	121 
6013	69 
6014	15 
6015	25 
6016	98 
6017	8 
6018	164 
6019	194 
6020	151 
6021	293 
6022	8 
6023	88 
6024	86 
6025	143 
6026	156 
6027	7 
6028	10 
6029	263 
6030	89 
6031	165 
6032	99 
6033	16 
6034	69 
6035	229 
6036	4 
6037	212 
6038	9 
6039	214 
6040	287 
6041	15 
6042	65 
6043	78 
6044	276 
6045	155 
6046	40 
6047	272 
6048	33 
6049	236 
6050	66 
6051	183 
6052	196 
6053	293 
6054	111 
6055	93 
6056	231 
6057	148 
6058	102 
6059	247 
6060	241 
6061	77 
6062	116 
6063	169 
6064	102 
6065	15 
6066	285 
6067	217 
6068	55 
6069	180 
6070	50 
6071	107 
6072	251 
6073	173 
6074	67 
6075	141 
6076	304 
6077	88 
6078	115 
6079	251 
6080	179 
6081	102 
6082	114 
6083	171 
6084	167 
6085	83 
6086	302 
6087	132 
6088	254 
6089	186 
6090	270 
6091	112 
6092	87 
6093	30 
6094	200 
6095	78 
6096	47 
6097	198 
6098	241 
6099	295 
6100	189 
6101	293 
6102	226 
6103	222 
6104	289 
6105	248 
6106	112 
6107	16 
6108	177 
6109	9 
6110	42 
6111	291 
6112	13 
6113	155 
6114	289 
6115	110 
6116	102 
6117	305 
6118	27 
6119	187 
6120	25 
6121	43 
6122	9 
6123	229 
6124	90 
6125	183 
6126	195 
6127	114 
6128	16 
6129	63 
6130	37 
6131	32 
6132	210 
6133	33 
6134	308 
6135	192 
6136	85 
6137	265 
6138	187 
6139	271 
6140	42 
6141	68 
6142	109 
6143	249 
6144	120 
6145	171 
6146	37 
6147	178 
6148	241 
6149	140 
6150	24 
6151	97 
6152	124 
6153	205 
6154	217 
6155	10 
6156	109 
6157	216 
6158	60 
6159	60 
6160	226 
6161	280 
6162	15 
6163	170 
6164	134 
6165	126 
6166	7 
6167	78 
6168	248 
6169	145 
6170	215 
6171	99 
6172	75 
6173	283 
6174	233 
6175	229 
6176	281 
6177	201 
6178	299 
6179	166 
6180	71 
6181	87 
6182	5 
6183	227 
6184	26 
6185	246 
6186	44 
6187	144 
6188	156 
6189	122 
6190	190 
6191	152 
6192	87 
6193	215 
6194	8 
6195	151 
6196	74 
6197	298 
6198	73 
6199	294 
6200	126 
6201	187 
6202	64 
6203	262 
6204	97 
6205	225 
6206	191 
6207	1 
6208	249 
6209	97 
6210	206 
6211	163 
6212	30 
6213	183 
6214	187 
6215	32 
6216	17 
6217	207 
6218	52 
6219	242 
6220	103 
6221	160 
6222	74 
6223	238 
6224	238 
6225	23 
6226	119 
6227	125 
6228	243 
6229	231 
6230	300 
6231	182 
6232	253 
6233	203 
6234	266 
6235	78 
6236	25 
6237	230 
6238	218 
6239	177 
6240	293 
6241	260 
6242	264 
6243	29 
6244	24 
6245	24 
6246	301 
6247	234 
6248	174 
6249	74 
6250	118 
6251	294 
6252	264 
6253	86 
6254	175 
6255	234 
6256	222 
6257	301 
6258	100 
6259	238 
6260	175 
6261	281 
6262	64 
6263	294 
6264	218 
6265	216 
6266	245 
6267	14 
6268	121 
6269	31 
6270	197 
6271	139 
6272	298 
6273	180 
6274	35 
6275	173 
6276	206 
6277	186 
6278	255 
6279	263 
6280	231 
6281	110 
6282	106 
6283	284 
6284	278 
6285	123 
6286	241 
6287	180 
6288	61 
6289	270 
6290	285 
6291	242 
6292	138 
6293	99 
6294	26 
6295	55 
6296	48 
6297	226 
6298	140 
6299	66 
6300	169 
6301	266 
6302	286 
6303	206 
6304	253 
6305	77 
6306	69 
6307	5 
6308	164 
6309	87 
6310	193 
6311	179 
6312	210 
6313	92 
6314	283 
6315	162 
6316	189 
6317	31 
6318	166 
6319	73 
6320	40 
6321	100 
6322	22 
6323	237 
6324	121 
6325	242 
6326	158 
6327	160 
6328	119 
6329	126 
6330	8 
6331	180 
6332	98 
6333	95 
6334	230 
6335	52 
6336	52 
6337	77 
6338	59 
6339	137 
6340	90 
6341	299 
6342	82 
6343	113 
6344	254 
6345	40 
6346	3 
6347	242 
6348	171 
6349	292 
6350	299 
6351	138 
6352	206 
6353	14 
6354	15 
6355	121 
6356	42 
6357	286 
6358	187 
6359	68 
6360	158 
6361	176 
6362	227 
6363	203 
6364	55 
6365	228 
6366	238 
6367	114 
6368	142 
6369	209 
6370	89 
6371	14 
6372	161 
6373	81 
6374	60 
6375	25 
6376	133 
6377	79 
6378	280 
6379	96 
6380	93 
6381	154 
6382	87 
6383	182 
6384	58 
6385	43 
6386	61 
6387	7 
6388	203 
6389	237 
6390	161 
6391	141 
6392	167 
6393	153 
6394	67 
6395	9 
6396	140 
6397	212 
6398	71 
6399	59 
6400	20 
6401	73 
6402	285 
6403	303 
6404	4 
6405	244 
6406	42 
6407	253 
6408	281 
6409	260 
6410	63 
6411	303 
6412	183 
6413	291 
6414	194 
6415	44 
6416	99 
6417	231 
6418	277 
6419	214 
6420	197 
6421	185 
6422	71 
6423	142 
6424	98 
6425	147 
6426	44 
6427	260 
6428	124 
6429	265 
6430	114 
6431	159 
6432	265 
6433	169 
6434	271 
6435	136 
6436	146 
6437	295 
6438	42 
6439	246 
6440	266 
6441	125 
6442	243 
6443	296 
6444	32 
6445	101 
6446	117 
6447	167 
6448	206 
6449	288 
6450	145 
6451	10 
6452	291 
6453	241 
6454	8 
6455	170 
6456	99 
6457	9 
6458	287 
6459	71 
6460	226 
6461	130 
6462	21 
6463	47 
6464	16 
6465	282 
6466	29 
6467	130 
6468	208 
6469	166 
6470	208 
6471	137 
6472	209 
6473	27 
6474	148 
6475	245 
6476	278 
6477	175 
6478	31 
6479	264 
6480	119 
6481	217 
6482	305 
6483	232 
6484	220 
6485	232 
6486	297 
6487	25 
6488	88 
6489	125 
6490	53 
6491	248 
6492	264 
6493	255 
6494	210 
6495	23 
6496	37 
6497	301 
6498	116 
6499	241 
6500	204 
6501	108 
6502	213 
6503	279 
6504	150 
6505	64 
6506	87 
6507	154 
6508	274 
6509	99 
6510	16 
6511	213 
6512	50 
6513	167 
6514	137 
6515	116 
6516	73 
6517	192 
6518	127 
6519	117 
6520	253 
6521	104 
6522	250 
6523	117 
6524	217 
6525	87 
6526	40 
6527	177 
6528	280 
6529	295 
6530	218 
6531	34 
6532	165 
6533	79 
6534	27 
6535	163 
6536	45 
6537	251 
6538	282 
6539	58 
6540	61 
6541	242 
6542	119 
6543	302 
6544	164 
6545	115 
6546	137 
6547	112 
6548	116 
6549	166 
6550	284 
6551	299 
6552	55 
6553	221 
6554	77 
6555	219 
6556	266 
6557	303 
6558	196 
6559	69 
6560	198 
6561	304 
6562	253 
6563	181 
6564	64 
6565	251 
6566	33 
6567	232 
6568	73 
6569	39 
6570	103 
6571	232 
6572	213 
6573	48 
6574	280 
6575	186 
6576	207 
6577	159 
6578	52 
6579	250 
6580	127 
6581	97 
6582	36 
6583	238 
6584	293 
6585	64 
6586	142 
6587	306 
6588	72 
6589	10 
6590	40 
6591	151 
6592	94 
6593	138 
6594	288 
6595	45 
6596	306 
6597	114 
6598	131 
6599	240 
6600	232 
6601	123 
6602	60 
6603	185 
6604	70 
6605	232 
6606	281 
6607	263 
6608	292 
6609	256 
6610	199 
6611	122 
6612	205 
6613	253 
6614	203 
6615	132 
6616	212 
6617	77 
6618	107 
6619	147 
6620	46 
6621	39 
6622	167 
6623	273 
6624	51 
6625	50 
6626	104 
6627	254 
6628	54 
6629	306 
6630	213 
6631	87 
6632	20 
6633	187 
6634	230 
6635	43 
6636	208 
6637	69 
6638	89 
6639	2 
6640	255 
6641	139 
6642	206 
6643	150 
6644	39 
6645	233 
6646	137 
6647	111 
6648	138 
6649	150 
6650	150 
6651	277 
6652	100 
6653	274 
6654	292 
6655	24 
6656	212 
6657	148 
6658	185 
6659	184 
6660	74 
6661	142 
6662	125 
6663	80 
6664	276 
6665	96 
6666	139 
6667	298 
6668	259 
6669	41 
6670	214 
6671	17 
6672	196 
6673	226 
6674	179 
6675	105 
6676	82 
6677	61 
6678	143 
6679	7 
6680	73 
6681	86 
6682	288 
6683	147 
6684	218 
6685	295 
6686	25 
6687	144 
6688	303 
6689	228 
6690	239 
6691	16 
6692	251 
6693	303 
6694	31 
6695	267 
6696	110 
6697	178 
6698	261 
6699	239 
6700	134 
6701	150 
6702	69 
6703	263 
6704	250 
6705	261 
6706	300 
6707	285 
6708	225 
6709	5 
6710	261 
6711	101 
6712	250 
6713	163 
6714	21 
6715	143 
6716	106 
6717	138 
6718	278 
6719	98 
6720	269 
6721	55 
6722	14 
6723	252 
6724	183 
6725	155 
6726	111 
6727	238 
6728	47 
6729	93 
6730	56 
6731	49 
6732	17 
6733	87 
6734	200 
6735	21 
6736	193 
6737	83 
6738	76 
6739	187 
6740	95 
6741	286 
6742	265 
6743	259 
6744	237 
6745	29 
6746	141 
6747	242 
6748	101 
6749	85 
6750	165 
6751	183 
6752	138 
6753	29 
6754	204 
6755	47 
6756	244 
6757	230 
6758	267 
6759	65 
6760	157 
6761	125 
6762	116 
6763	190 
6764	107 
6765	206 
6766	179 
6767	225 
6768	231 
6769	152 
6770	43 
6771	25 
6772	169 
6773	213 
6774	87 
6775	11 
6776	292 
6777	99 
6778	127 
6779	85 
6780	74 
6781	249 
6782	2 
6783	183 
6784	269 
6785	283 
6786	124 
6787	139 
6788	173 
6789	113 
6790	260 
6791	193 
6792	155 
6793	96 
6794	149 
6795	4 
6796	16 
6797	11 
6798	241 
6799	295 
6800	195 
6801	197 
6802	208 
6803	151 
6804	124 
6805	272 
6806	2 
6807	261 
6808	39 
6809	264 
6810	196 
6811	299 
6812	75 
6813	209 
6814	212 
6815	59 
6816	32 
6817	192 
6818	226 
6819	296 
6820	114 
6821	68 
6822	59 
6823	3 
6824	200 
6825	72 
6826	15 
6827	6 
6828	150 
6829	126 
6830	5 
6831	153 
6832	188 
6833	214 
6834	166 
6835	192 
6836	99 
6837	165 
6838	180 
6839	299 
6840	160 
6841	184 
6842	297 
6843	47 
6844	289 
6845	74 
6846	18 
6847	114 
6848	51 
6849	176 
6850	180 
6851	233 
6852	220 
6853	274 
6854	259 
6855	114 
6856	304 
6857	265 
6858	39 
6859	286 
6860	189 
6861	46 
6862	91 
6863	179 
6864	203 
6865	156 
6866	256 
6867	16 
6868	11 
6869	236 
6870	39 
6871	3 
6872	306 
6873	30 
6874	143 
6875	35 
6876	155 
6877	59 
6878	161 
6879	183 
6880	176 
6881	103 
6882	104 
6883	286 
6884	10 
6885	62 
6886	14 
6887	135 
6888	13 
6889	55 
6890	266 
6891	101 
6892	83 
6893	274 
6894	58 
6895	29 
6896	41 
6897	20 
6898	78 
6899	282 
6900	6 
6901	292 
6902	61 
6903	242 
6904	266 
6905	226 
6906	244 
6907	294 
6908	104 
6909	212 
6910	214 
6911	116 
6912	92 
6913	159 
6914	282 
6915	138 
6916	65 
6917	206 
6918	17 
6919	152 
6920	285 
6921	132 
6922	275 
6923	307 
6924	208 
6925	162 
6926	267 
6927	92 
6928	186 
6929	75 
6930	218 
6931	75 
6932	115 
6933	238 
6934	115 
6935	278 
6936	277 
6937	224 
6938	13 
6939	218 
6940	71 
6941	169 
6942	150 
6943	203 
6944	183 
6945	143 
6946	229 
6947	75 
6948	176 
6949	87 
6950	269 
6951	165 
6952	98 
6953	72 
6954	177 
6955	288 
6956	199 
6957	132 
6958	300 
6959	21 
6960	54 
6961	193 
6962	66 
6963	103 
6964	116 
6965	237 
6966	271 
6967	102 
6968	107 
6969	205 
6970	74 
6971	169 
6972	37 
6973	265 
6974	98 
6975	27 
6976	197 
6977	44 
6978	93 
6979	263 
6980	270 
6981	272 
6982	23 
6983	11 
6984	155 
6985	244 
6986	14 
6987	171 
6988	183 
6989	183 
6990	267 
6991	166 
6992	10 
6993	250 
6994	24 
6995	232 
6996	294 
6997	176 
6998	10 
6999	66 
7000	52 
7001	4 
7002	57 
7003	216 
7004	37 
7005	5 
7006	45 
7007	68 
7008	295 
7009	30 
7010	180 
7011	20 
7012	211 
7013	18 
7014	51 
7015	85 
7016	104 
7017	115 
7018	118 
7019	200 
7020	210 
7021	270 
7022	289 
7023	71 
7024	182 
7025	127 
7026	291 
7027	70 
7028	16 
7029	204 
7030	175 
7031	305 
7032	149 
7033	190 
7034	12 
7035	262 
7036	166 
7037	289 
7038	13 
7039	141 
7040	154 
7041	233 
7042	204 
7043	147 
7044	16 
7045	59 
7046	256 
7047	222 
7048	76 
7049	73 
7050	1 
7051	38 
7052	169 
7053	243 
7054	155 
7055	94 
7056	98 
7057	18 
7058	101 
7059	101 
7060	17 
7061	175 
7062	121 
7063	253 
7064	39 
7065	68 
7066	47 
7067	81 
7068	30 
7069	211 
7070	66 
7071	103 
7072	277 
7073	34 
7074	19 
7075	260 
7076	118 
7077	4 
7078	198 
7079	61 
7080	18 
7081	292 
7082	285 
7083	94 
7084	196 
7085	209 
7086	254 
7087	80 
7088	202 
7089	42 
7090	283 
7091	131 
7092	41 
7093	124 
7094	114 
7095	60 
7096	162 
7097	88 
7098	75 
7099	215 
7100	147 
7101	198 
7102	289 
7103	208 
7104	182 
7105	25 
7106	141 
7107	121 
7108	201 
7109	263 
7110	19 
7111	52 
7112	62 
7113	287 
7114	266 
7115	8 
7116	111 
7117	137 
7118	192 
7119	159 
7120	222 
7121	266 
7122	297 
7123	147 
7124	288 
7125	162 
7126	11 
7127	114 
7128	62 
7129	51 
7130	44 
7131	28 
7132	86 
7133	116 
7134	260 
7135	285 
7136	230 
7137	9 
7138	244 
7139	119 
7140	122 
7141	77 
7142	16 
7143	128 
7144	128 
7145	280 
7146	106 
7147	250 
7148	125 
7149	62 
7150	18 
7151	121 
7152	112 
7153	44 
7154	55 
7155	224 
7156	75 
7157	249 
7158	84 
7159	188 
7160	198 
7161	308 
7162	101 
7163	186 
7164	225 
7165	182 
7166	267 
7167	14 
7168	266 
7169	235 
7170	208 
7171	293 
7172	278 
7173	218 
7174	279 
7175	172 
7176	281 
7177	139 
7178	280 
7179	12 
7180	265 
7181	77 
7182	150 
7183	88 
7184	100 
7185	288 
7186	104 
7187	105 
7188	176 
7189	235 
7190	250 
7191	69 
7192	196 
7193	279 
7194	65 
7195	293 
7196	196 
7197	112 
7198	81 
7199	106 
7200	168 
7201	7 
7202	190 
7203	107 
7204	46 
7205	38 
7206	251 
7207	80 
7208	191 
7209	127 
7210	176 
7211	219 
7212	89 
7213	226 
7214	34 
7215	154 
7216	278 
7217	40 
7218	40 
7219	286 
7220	88 
7221	296 
7222	298 
7223	162 
7224	131 
7225	299 
7226	185 
7227	238 
7228	295 
7229	81 
7230	293 
7231	107 
7232	100 
7233	7 
7234	79 
7235	2 
7236	141 
7237	170 
7238	154 
7239	156 
7240	57 
7241	135 
7242	280 
7243	283 
7244	115 
7245	151 
7246	127 
7247	267 
7248	113 
7249	173 
7250	72 
7251	120 
7252	262 
7253	69 
7254	110 
7255	265 
7256	187 
7257	306 
7258	253 
7259	138 
7260	154 
7261	154 
7262	241 
7263	291 
7264	88 
7265	244 
7266	69 
7267	208 
7268	65 
7269	21 
7270	91 
7271	305 
7272	89 
7273	159 
7274	169 
7275	6 
7276	292 
7277	55 
7278	104 
7279	279 
7280	108 
7281	162 
7282	21 
7283	196 
7284	187 
7285	126 
7286	276 
7287	284 
7288	184 
7289	210 
7290	197 
7291	154 
7292	290 
7293	47 
7294	71 
7295	121 
7296	65 
7297	292 
7298	18 
7299	79 
7300	306 
7301	57 
7302	290 
7303	260 
7304	14 
7305	66 
7306	10 
7307	50 
7308	83 
7309	251 
7310	280 
7311	282 
7312	189 
7313	186 
7314	47 
7315	81 
7316	294 
7317	49 
7318	154 
7319	73 
7320	304 
7321	86 
7322	167 
7323	100 
7324	120 
7325	160 
7326	21 
7327	62 
7328	39 
7329	116 
7330	221 
7331	81 
7332	146 
7333	72 
7334	240 
7335	24 
7336	87 
7337	284 
7338	188 
7339	298 
7340	105 
7341	199 
7342	227 
7343	69 
7344	250 
7345	273 
7346	196 
7347	38 
7348	142 
7349	304 
7350	241 
7351	238 
7352	73 
7353	163 
7354	92 
7355	188 
7356	53 
7357	173 
7358	103 
7359	292 
7360	114 
7361	116 
7362	213 
7363	232 
7364	88 
7365	66 
7366	240 
7367	85 
7368	42 
7369	24 
7370	51 
7371	22 
7372	108 
7373	270 
7374	238 
7375	231 
7376	251 
7377	148 
7378	172 
7379	198 
7380	248 
7381	115 
7382	26 
7383	172 
7384	148 
7385	231 
7386	103 
7387	272 
7388	101 
7389	96 
7390	275 
7391	2 
7392	211 
7393	57 
7394	58 
7395	233 
7396	175 
7397	267 
7398	15 
7399	304 
7400	144 
7401	276 
7402	184 
7403	175 
7404	145 
7405	115 
7406	271 
7407	18 
7408	102 
7409	307 
7410	265 
7411	219 
7412	263 
7413	247 
7414	85 
7415	17 
7416	34 
7417	260 
7418	286 
7419	32 
7420	65 
7421	251 
7422	239 
7423	114 
7424	277 
7425	266 
7426	4 
7427	161 
7428	10 
7429	79 
7430	30 
7431	212 
7432	104 
7433	25 
7434	75 
7435	209 
7436	143 
7437	186 
7438	260 
7439	282 
7440	35 
7441	65 
7442	30 
7443	44 
7444	175 
7445	188 
7446	307 
7447	4 
7448	27 
7449	11 
7450	139 
7451	33 
7452	9 
7453	299 
7454	144 
7455	195 
7456	265 
7457	277 
7458	68 
7459	5 
7460	24 
7461	211 
7462	213 
7463	285 
7464	191 
7465	220 
7466	121 
7467	183 
7468	24 
7469	200 
7470	41 
7471	178 
7472	68 
7473	199 
7474	291 
7475	128 
7476	246 
7477	46 
7478	264 
7479	148 
7480	192 
7481	178 
7482	18 
7483	292 
7484	129 
7485	154 
7486	219 
7487	45 
7488	258 
7489	269 
7490	23 
7491	175 
7492	76 
7493	136 
7494	180 
7495	126 
7496	229 
7497	75 
7498	223 
7499	108 
7500	195 
7501	85 
7502	34 
7503	206 
7504	273 
7505	148 
7506	176 
7507	155 
7508	187 
7509	283 
7510	115 
7511	213 
7512	189 
7513	107 
7514	190 
7515	38 
7516	277 
7517	1 
7518	103 
7519	171 
7520	19 
7521	120 
7522	209 
7523	224 
7524	269 
7525	242 
7526	302 
7527	10 
7528	231 
7529	289 
7530	35 
7531	56 
7532	42 
7533	55 
7534	186 
7535	256 
7536	189 
7537	180 
7538	107 
7539	240 
7540	6 
7541	76 
7542	279 
7543	150 
7544	53 
7545	96 
7546	210 
7547	239 
7548	11 
7549	30 
7550	181 
7551	174 
7552	288 
7553	85 
7554	36 
7555	219 
7556	241 
7557	64 
7558	70 
7559	148 
7560	212 
7561	136 
7562	189 
7563	260 
7564	263 
7565	204 
7566	133 
7567	239 
7568	128 
7569	245 
7570	128 
7571	218 
7572	24 
7573	65 
7574	156 
7575	9 
7576	300 
7577	259 
7578	248 
7579	213 
7580	228 
7581	67 
7582	164 
7583	235 
7584	280 
7585	167 
7586	187 
7587	217 
7588	64 
7589	224 
7590	170 
7591	264 
7592	161 
7593	299 
7594	251 
7595	4 
7596	243 
7597	242 
7598	96 
7599	6 
7600	265 
7601	110 
7602	286 
7603	191 
7604	72 
7605	248 
7606	157 
7607	68 
7608	295 
7609	33 
7610	53 
7611	217 
7612	60 
7613	177 
7614	31 
7615	205 
7616	285 
7617	58 
7618	194 
7619	297 
7620	143 
7621	183 
7622	251 
7623	250 
7624	76 
7625	240 
7626	130 
7627	284 
7628	73 
7629	90 
7630	134 
7631	280 
7632	213 
7633	55 
7634	58 
7635	215 
7636	46 
7637	267 
7638	155 
7639	39 
7640	12 
7641	65 
7642	11 
7643	273 
7644	149 
7645	220 
7646	238 
7647	156 
7648	60 
7649	61 
7650	8 
7651	60 
7652	81 
7653	163 
7654	63 
7655	27 
7656	137 
7657	48 
7658	285 
7659	54 
7660	249 
7661	219 
7662	98 
7663	48 
7664	240 
7665	151 
7666	54 
7667	295 
7668	256 
7669	296 
7670	245 
7671	62 
7672	140 
7673	224 
7674	291 
7675	137 
7676	18 
7677	264 
7678	251 
7679	162 
7680	234 
7681	4 
7682	106 
7683	142 
7684	65 
7685	150 
7686	39 
7687	165 
7688	263 
7689	112 
7690	259 
7691	200 
7692	292 
7693	42 
7694	92 
7695	288 
7696	246 
7697	206 
7698	28 
7699	143 
7700	99 
7701	76 
7702	35 
7703	138 
7704	277 
7705	77 
7706	69 
7707	109 
7708	305 
7709	82 
7710	1 
7711	179 
7712	16 
7713	258 
7714	227 
7715	250 
7716	52 
7717	224 
7718	207 
7719	224 
7720	257 
7721	256 
7722	42 
7723	184 
7724	56 
7725	38 
7726	167 
7727	129 
7728	69 
7729	79 
7730	174 
7731	132 
7732	76 
7733	175 
7734	282 
7735	104 
7736	80 
7737	119 
7738	105 
7739	25 
7740	27 
7741	144 
7742	234 
7743	157 
7744	137 
7745	218 
7746	150 
7747	11 
7748	308 
7749	84 
7750	148 
7751	76 
7752	303 
7753	262 
7754	201 
7755	46 
7756	19 
7757	88 
7758	87 
7759	277 
7760	266 
7761	270 
7762	297 
7763	25 
7764	300 
7765	29 
7766	162 
7767	170 
7768	307 
7769	264 
7770	136 
7771	264 
7772	221 
7773	44 
7774	264 
7775	212 
7776	182 
7777	46 
7778	287 
7779	189 
7780	217 
7781	214 
7782	84 
7783	299 
7784	39 
7785	189 
7786	114 
7787	208 
7788	68 
7789	252 
7790	83 
7791	262 
7792	14 
7793	6 
7794	277 
7795	12 
7796	132 
7797	305 
7798	169 
7799	109 
7800	155 
7801	273 
7802	296 
7803	155 
7804	85 
7805	252 
7806	175 
7807	128 
7808	88 
7809	54 
7810	110 
7811	202 
7812	166 
7813	210 
7814	282 
7815	125 
7816	2 
7817	28 
7818	183 
7819	218 
7820	191 
7821	9 
7822	229 
7823	227 
7824	185 
7825	56 
7826	263 
7827	3 
7828	147 
7829	135 
7830	53 
7831	183 
7832	100 
7833	264 
7834	242 
7835	187 
7836	87 
7837	62 
7838	120 
7839	163 
7840	195 
7841	21 
7842	165 
7843	145 
7844	141 
7845	226 
7846	31 
7847	237 
7848	262 
7849	9 
7850	41 
7851	80 
7852	41 
7853	120 
7854	91 
7855	74 
7856	141 
7857	179 
7858	102 
7859	62 
7860	1 
7861	163 
7862	151 
7863	302 
7864	69 
7865	203 
7866	240 
7867	80 
7868	115 
7869	155 
7870	304 
7871	23 
7872	50 
7873	218 
7874	260 
7875	32 
7876	278 
7877	242 
7878	81 
7879	107 
7880	104 
7881	104 
7882	274 
7883	229 
7884	161 
7885	81 
7886	114 
7887	155 
7888	148 
7889	145 
7890	43 
7891	290 
7892	77 
7893	142 
7894	237 
7895	100 
7896	95 
7897	85 
7898	189 
7899	229 
7900	87 
7901	162 
7902	42 
7903	200 
7904	52 
7905	216 
7906	261 
7907	163 
7908	47 
7909	99 
7910	257 
7911	23 
7912	299 
7913	40 
7914	188 
7915	188 
7916	51 
7917	248 
7918	104 
7919	174 
7920	31 
7921	176 
7922	3 
7923	161 
7924	273 
7925	225 
7926	239 
7927	281 
7928	119 
7929	52 
7930	19 
7931	229 
7932	85 
7933	4 
7934	133 
7935	264 
7936	57 
7937	275 
7938	178 
7939	230 
7940	147 
7941	4 
7942	77 
7943	57 
7944	70 
7945	215 
7946	99 
7947	19 
7948	286 
7949	96 
7950	36 
7951	197 
7952	10 
7953	104 
7954	294 
7955	239 
7956	143 
7957	260 
7958	308 
7959	117 
7960	7 
7961	59 
7962	170 
7963	170 
7964	66 
7965	133 
7966	246 
7967	196 
7968	145 
7969	244 
7970	147 
7971	181 
7972	86 
7973	154 
7974	283 
7975	39 
7976	120 
7977	132 
7978	137 
7979	206 
7980	263 
7981	192 
7982	299 
7983	147 
7984	46 
7985	275 
7986	64 
7987	107 
7988	298 
7989	117 
7990	72 
7991	52 
7992	214 
7993	63 
7994	257 
7995	286 
7996	290 
7997	170 
7998	58 
7999	122 
8000	79 
8001	286 
8002	169 
8003	68 
8004	207 
8005	177 
8006	227 
8007	228 
8008	60 
8009	155 
8010	45 
8011	85 
8012	231 
8013	260 
8014	212 
8015	60 
8016	9 
8017	144 
8018	117 
8019	94 
8020	302 
8021	256 
8022	24 
8023	37 
8024	297 
8025	18 
8026	294 
8027	180 
8028	213 
8029	95 
8030	182 
8031	71 
8032	252 
8033	212 
8034	175 
8035	201 
8036	187 
8037	237 
8038	203 
8039	280 
8040	120 
8041	92 
8042	189 
8043	44 
8044	9 
8045	134 
8046	84 
8047	11 
8048	245 
8049	103 
8050	201 
8051	276 
8052	308 
8053	308 
8054	241 
8055	101 
8056	122 
8057	90 
8058	32 
8059	120 
8060	207 
8061	148 
8062	30 
8063	34 
8064	296 
8065	71 
8066	5 
8067	125 
8068	139 
8069	79 
8070	92 
8071	290 
8072	51 
8073	233 
8074	99 
8075	216 
8076	178 
8077	97 
8078	103 
8079	223 
8080	116 
8081	42 
8082	48 
8083	95 
8084	146 
8085	52 
8086	161 
8087	169 
8088	88 
8089	125 
8090	91 
8091	97 
8092	139 
8093	86 
8094	280 
8095	179 
8096	293 
8097	117 
8098	44 
8099	221 
8100	86 
8101	51 
8102	266 
8103	143 
8104	221 
8105	69 
8106	253 
8107	16 
8108	127 
8109	124 
8110	226 
8111	103 
8112	54 
8113	187 
8114	43 
8115	288 
8116	211 
8117	225 
8118	169 
8119	237 
8120	136 
8121	64 
8122	192 
8123	111 
8124	36 
8125	217 
8126	263 
8127	72 
8128	92 
8129	296 
8130	95 
8131	231 
8132	94 
8133	204 
8134	57 
8135	24 
8136	213 
8137	120 
8138	248 
8139	88 
8140	114 
8141	214 
8142	103 
8143	74 
8144	1 
8145	10 
8146	260 
8147	105 
8148	171 
8149	233 
8150	181 
8151	83 
8152	213 
8153	125 
8154	75 
8155	101 
8156	208 
8157	190 
8158	39 
8159	179 
8160	259 
8161	51 
8162	295 
8163	42 
8164	206 
8165	295 
8166	187 
8167	207 
8168	51 
8169	251 
8170	29 
8171	83 
8172	111 
8173	142 
8174	290 
8175	182 
8176	181 
8177	292 
8178	40 
8179	237 
8180	261 
8181	69 
8182	90 
8183	282 
8184	259 
8185	144 
8186	3 
8187	131 
8188	115 
8189	155 
8190	247 
8191	74 
8192	296 
8193	112 
8194	163 
8195	263 
8196	250 
8197	213 
8198	296 
8199	221 
8200	302 
8201	176 
8202	105 
8203	140 
8204	224 
8205	254 
8206	75 
8207	152 
8208	290 
8209	235 
8210	26 
8211	280 
8212	186 
8213	191 
8214	143 
8215	120 
8216	199 
8217	274 
8218	113 
8219	201 
8220	261 
8221	135 
8222	16 
8223	249 
8224	74 
8225	51 
8226	44 
8227	111 
8228	296 
8229	103 
8230	227 
8231	169 
8232	102 
8233	104 
8234	14 
8235	32 
8236	91 
8237	302 
8238	244 
8239	289 
8240	289 
8241	209 
8242	210 
8243	286 
8244	237 
8245	286 
8246	73 
8247	302 
8248	73 
8249	243 
8250	263 
8251	162 
8252	161 
8253	4 
8254	116 
8255	125 
8256	18 
8257	261 
8258	301 
8259	136 
8260	206 
8261	119 
8262	216 
8263	129 
8264	240 
8265	239 
8266	302 
8267	103 
8268	128 
8269	142 
8270	271 
8271	140 
8272	97 
8273	62 
8274	95 
8275	30 
8276	187 
8277	141 
8278	62 
8279	289 
8280	217 
8281	11 
8282	38 
8283	296 
8284	213 
8285	226 
8286	33 
8287	83 
8288	9 
8289	57 
8290	33 
8291	291 
8292	93 
8293	80 
8294	68 
8295	291 
8296	136 
8297	28 
8298	271 
8299	166 
8300	273 
8301	221 
8302	251 
8303	264 
8304	100 
8305	99 
8306	195 
8307	16 
8308	89 
8309	237 
8310	64 
8311	266 
8312	27 
8313	188 
8314	89 
8315	162 
8316	39 
8317	169 
8318	77 
8319	228 
8320	299 
8321	109 
8322	248 
8323	165 
8324	103 
8325	293 
8326	22 
8327	298 
8328	135 
8329	274 
8330	22 
8331	149 
8332	55 
8333	86 
8334	137 
8335	18 
8336	258 
8337	103 
8338	107 
8339	10 
8340	262 
8341	213 
8342	13 
8343	104 
8344	230 
8345	74 
8346	160 
8347	263 
8348	154 
8349	176 
8350	97 
8351	163 
8352	136 
8353	109 
8354	207 
8355	197 
8356	280 
8357	2 
8358	308 
8359	251 
8360	78 
8361	179 
8362	3 
8363	294 
8364	42 
8365	138 
8366	70 
8367	147 
8368	156 
8369	18 
8370	239 
8371	64 
8372	125 
8373	14 
8374	141 
8375	240 
8376	275 
8377	270 
8378	55 
8379	180 
8380	53 
8381	296 
8382	130 
8383	251 
8384	285 
8385	159 
8386	14 
8387	65 
8388	148 
8389	203 
8390	279 
8391	176 
8392	211 
8393	241 
8394	274 
8395	228 
8396	294 
8397	182 
8398	136 
8399	4 
8400	218 
8401	212 
8402	95 
8403	191 
8404	295 
8405	179 
8406	150 
8407	60 
8408	79 
8409	300 
8410	136 
8411	180 
8412	222 
8413	167 
8414	189 
8415	9 
8416	296 
8417	262 
8418	208 
8419	166 
8420	171 
8421	68 
8422	18 
8423	101 
8424	92 
8425	85 
8426	266 
8427	183 
8428	254 
8429	226 
8430	138 
8431	276 
8432	67 
8433	43 
8434	100 
8435	22 
8436	167 
8437	238 
8438	14 
8439	214 
8440	193 
8441	148 
8442	134 
8443	230 
8444	25 
8445	141 
8446	177 
8447	143 
8448	248 
8449	40 
8450	284 
8451	171 
8452	99 
8453	295 
8454	281 
8455	114 
8456	115 
8457	7 
8458	17 
8459	54 
8460	137 
8461	12 
8462	80 
8463	85 
8464	44 
8465	144 
8466	22 
8467	280 
8468	233 
8469	171 
8470	225 
8471	110 
8472	62 
8473	158 
8474	237 
8475	107 
8476	222 
8477	17 
8478	43 
8479	75 
8480	10 
8481	69 
8482	144 
8483	93 
8484	225 
8485	216 
8486	176 
8487	183 
8488	86 
8489	277 
8490	77 
8491	125 
8492	252 
8493	195 
8494	106 
8495	64 
8496	41 
8497	270 
8498	218 
8499	238 
8500	187 
8501	122 
8502	74 
8503	49 
8504	15 
8505	123 
8506	177 
8507	204 
8508	144 
8509	243 
8510	72 
8511	45 
8512	76 
8513	128 
8514	262 
8515	167 
8516	306 
8517	306 
8518	293 
8519	3 
8520	188 
8521	266 
8522	96 
8523	18 
8524	6 
8525	146 
8526	257 
8527	144 
8528	293 
8529	78 
8530	231 
8531	15 
8532	77 
8533	66 
8534	237 
8535	81 
8536	262 
8537	140 
8538	155 
8539	26 
8540	197 
8541	65 
8542	195 
8543	69 
8544	32 
8545	155 
8546	94 
8547	116 
8548	127 
8549	259 
8550	126 
8551	281 
8552	65 
8553	3 
8554	139 
8555	267 
8556	100 
8557	169 
8558	21 
8559	60 
8560	269 
8561	250 
8562	273 
8563	194 
8564	265 
8565	98 
8566	291 
8567	36 
8568	238 
8569	162 
8570	3 
8571	232 
8572	56 
8573	79 
8574	3 
8575	88 
8576	177 
8577	241 
8578	252 
8579	122 
8580	299 
8581	264 
8582	222 
8583	60 
8584	60 
8585	85 
8586	87 
8587	290 
8588	304 
8589	141 
8590	159 
8591	168 
8592	250 
8593	110 
8594	212 
8595	289 
8596	286 
8597	289 
8598	14 
8599	250 
8600	59 
8601	91 
8602	41 
8603	212 
8604	285 
8605	145 
8606	231 
8607	153 
8608	116 
8609	282 
8610	59 
8611	147 
8612	1 
8613	286 
8614	85 
8615	76 
8616	245 
8617	210 
8618	297 
8619	212 
8620	264 
8621	244 
8622	302 
8623	162 
8624	53 
8625	97 
8626	127 
8627	125 
8628	238 
8629	111 
8630	224 
8631	32 
8632	240 
8633	244 
8634	286 
8635	190 
8636	116 
8637	63 
8638	11 
8639	188 
8640	18 
8641	258 
8642	23 
8643	60 
8644	288 
8645	54 
8646	5 
8647	289 
8648	198 
8649	87 
8650	39 
8651	1 
8652	156 
8653	199 
8654	245 
8655	156 
8656	157 
8657	226 
8658	89 
8659	17 
8660	44 
8661	241 
8662	121 
8663	68 
8664	290 
8665	17 
8666	297 
8667	271 
8668	102 
8669	79 
8670	190 
8671	114 
8672	280 
8673	71 
8674	154 
8675	15 
8676	162 
8677	288 
8678	17 
8679	246 
8680	80 
8681	102 
8682	99 
8683	269 
8684	60 
8685	131 
8686	244 
8687	271 
8688	210 
8689	139 
8690	127 
8691	18 
8692	190 
8693	251 
8694	57 
8695	86 
8696	226 
8697	171 
8698	201 
8699	179 
8700	290 
8701	281 
8702	229 
8703	104 
8704	91 
8705	24 
8706	226 
8707	237 
8708	277 
8709	7 
8710	6 
8711	248 
8712	231 
8713	274 
8714	281 
8715	124 
8716	78 
8717	172 
8718	72 
8719	74 
8720	197 
8721	109 
8722	49 
8723	88 
8724	19 
8725	270 
8726	270 
8727	59 
8728	149 
8729	50 
8730	194 
8731	64 
8732	126 
8733	211 
8734	32 
8735	289 
8736	169 
8737	142 
8738	252 
8739	59 
8740	235 
8741	274 
8742	46 
8743	20 
8744	81 
8745	189 
8746	230 
8747	97 
8748	36 
8749	72 
8750	24 
8751	175 
8752	227 
8753	155 
8754	208 
8755	4 
8756	276 
8757	110 
8758	169 
8759	5 
8760	307 
8761	201 
8762	45 
8763	214 
8764	180 
8765	63 
8766	219 
8767	88 
8768	305 
8769	205 
8770	168 
8771	60 
8772	291 
8773	281 
8774	26 
8775	143 
8776	40 
8777	299 
8778	54 
8779	99 
8780	122 
8781	173 
8782	226 
8783	78 
8784	1 
8785	154 
8786	35 
8787	63 
8788	305 
8789	111 
8790	61 
8791	106 
8792	145 
8793	14 
8794	130 
8795	286 
8796	115 
8797	132 
8798	12 
8799	297 
8800	200 
8801	228 
8802	8 
8803	42 
8804	71 
8805	153 
8806	199 
8807	22 
8808	148 
8809	257 
8810	208 
8811	290 
8812	237 
8813	21 
8814	126 
8815	69 
8816	245 
8817	302 
8818	88 
8819	302 
8820	44 
8821	30 
8822	45 
8823	69 
8824	139 
8825	208 
8826	299 
8827	193 
8828	92 
8829	121 
8830	213 
8831	63 
8832	169 
8833	105 
8834	2 
8835	301 
8836	163 
8837	107 
8838	143 
8839	115 
8840	121 
8841	84 
8842	104 
8843	244 
8844	121 
8845	140 
8846	296 
8847	19 
8848	244 
8849	30 
8850	299 
8851	108 
8852	127 
8853	259 
8854	11 
8855	225 
8856	7 
8857	287 
8858	76 
8859	48 
8860	306 
8861	198 
8862	278 
8863	161 
8864	268 
8865	205 
8866	184 
8867	166 
8868	294 
8869	285 
8870	187 
8871	287 
8872	155 
8873	73 
8874	146 
8875	176 
8876	157 
8877	156 
8878	90 
8879	307 
8880	4 
8881	98 
8882	157 
8883	140 
8884	32 
8885	157 
8886	188 
8887	15 
8888	9 
8889	204 
8890	78 
8891	166 
8892	212 
8893	97 
8894	59 
8895	167 
8896	30 
8897	154 
8898	183 
8899	67 
8900	175 
8901	50 
8902	98 
8903	201 
8904	297 
8905	10 
8906	114 
8907	65 
8908	119 
8909	41 
8910	308 
8911	289 
8912	109 
8913	258 
8914	171 
8915	17 
8916	234 
8917	95 
8918	154 
8919	124 
8920	66 
8921	234 
8922	306 
8923	205 
8924	164 
8925	44 
8926	273 
8927	107 
8928	96 
8929	164 
8930	274 
8931	58 
8932	15 
8933	41 
8934	295 
8935	224 
8936	138 
8937	150 
8938	86 
8939	238 
8940	60 
8941	27 
8942	73 
8943	86 
8944	135 
8945	25 
8946	180 
8947	291 
8948	52 
8949	36 
8950	304 
8951	138 
8952	120 
8953	194 
8954	201 
8955	199 
8956	88 
8957	135 
8958	107 
8959	10 
8960	267 
8961	14 
8962	121 
8963	288 
8964	46 
8965	145 
8966	285 
8967	7 
8968	40 
8969	79 
8970	135 
8971	71 
8972	241 
8973	284 
8974	43 
8975	237 
8976	40 
8977	291 
8978	284 
8979	75 
8980	107 
8981	111 
8982	85 
8983	253 
8984	84 
8985	101 
8986	74 
8987	229 
8988	253 
8989	23 
8990	179 
8991	9 
8992	212 
8993	262 
8994	141 
8995	142 
8996	289 
8997	87 
8998	32 
8999	286 
9000	73 
9001	163 
9002	302 
9003	15 
9004	200 
9005	89 
9006	184 
9007	110 
9008	290 
9009	167 
9010	19 
9011	247 
9012	44 
9013	8 
9014	104 
9015	47 
9016	79 
9017	114 
9018	200 
9019	292 
9020	68 
9021	24 
9022	107 
9023	232 
9024	142 
9025	127 
9026	73 
9027	171 
9028	120 
9029	305 
9030	9 
9031	92 
9032	144 
9033	263 
9034	307 
9035	10 
9036	11 
9037	154 
9038	58 
9039	260 
9040	284 
9041	59 
9042	170 
9043	228 
9044	69 
9045	250 
9046	187 
9047	231 
9048	101 
9049	258 
9050	288 
9051	217 
9052	161 
9053	92 
9054	141 
9055	243 
9056	98 
9057	272 
9058	76 
9059	194 
9060	218 
9061	88 
9062	169 
9063	120 
9064	256 
9065	213 
9066	39 
9067	48 
9068	75 
9069	79 
9070	204 
9071	101 
9072	201 
9073	211 
9074	202 
9075	225 
9076	203 
9077	239 
9078	244 
9079	199 
9080	94 
9081	210 
9082	188 
9083	186 
9084	241 
9085	188 
9086	71 
9087	3 
9088	121 
9089	281 
9090	260 
9091	270 
9092	264 
9093	279 
9094	47 
9095	24 
9096	259 
9097	303 
9098	161 
9099	115 
9100	47 
9101	6 
9102	235 
9103	173 
9104	296 
9105	131 
9106	132 
9107	98 
9108	94 
9109	34 
9110	233 
9111	78 
9112	306 
9113	206 
9114	250 
9115	257 
9116	154 
9117	303 
9118	140 
9119	152 
9120	226 
9121	10 
9122	89 
9123	3 
9124	287 
9125	17 
9126	290 
9127	90 
9128	237 
9129	254 
9130	264 
9131	166 
9132	10 
9133	47 
9134	48 
9135	61 
9136	48 
9137	86 
9138	189 
9139	237 
9140	287 
9141	123 
9142	147 
9143	130 
9144	65 
9145	285 
9146	28 
9147	86 
9148	202 
9149	227 
9150	60 
9151	93 
9152	289 
9153	287 
9154	265 
9155	85 
9156	261 
9157	293 
9158	277 
9159	251 
9160	136 
9161	235 
9162	73 
9163	244 
9164	165 
9165	11 
9166	25 
9167	285 
9168	160 
9169	92 
9170	113 
9171	82 
9172	40 
9173	46 
9174	98 
9175	297 
9176	292 
9177	111 
9178	213 
9179	110 
9180	281 
9181	30 
9182	5 
9183	55 
9184	54 
9185	219 
9186	39 
9187	265 
9188	134 
9189	202 
9190	59 
9191	97 
9192	218 
9193	305 
9194	17 
9195	132 
9196	196 
9197	180 
9198	261 
9199	4 
9200	120 
9201	239 
9202	255 
9203	71 
9204	208 
9205	280 
9206	167 
9207	292 
9208	148 
9209	35 
9210	88 
9211	16 
9212	68 
9213	7 
9214	138 
9215	191 
9216	32 
9217	35 
9218	115 
9219	181 
9220	27 
9221	32 
9222	71 
9223	195 
9224	265 
9225	173 
9226	246 
9227	286 
9228	212 
9229	1 
9230	202 
9231	171 
9232	141 
9233	14 
9234	305 
9235	140 
9236	37 
9237	139 
9238	66 
9239	154 
9240	180 
9241	86 
9242	15 
9243	131 
9244	98 
9245	104 
9246	173 
9247	183 
9248	162 
9249	145 
9250	234 
9251	37 
9252	171 
9253	272 
9254	243 
9255	232 
9256	214 
9257	150 
9258	166 
9259	136 
9260	209 
9261	301 
9262	122 
9263	274 
9264	181 
9265	291 
9266	78 
9267	288 
9268	29 
9269	65 
9270	51 
9271	124 
9272	156 
9273	46 
9274	188 
9275	176 
9276	47 
9277	29 
9278	274 
9279	201 
9280	181 
9281	99 
9282	267 
9283	65 
9284	138 
9285	233 
9286	243 
9287	159 
9288	68 
9289	179 
9290	102 
9291	28 
9292	123 
9293	172 
9294	225 
9295	51 
9296	209 
9297	288 
9298	229 
9299	125 
9300	259 
9301	54 
9302	35 
9303	28 
9304	202 
9305	254 
9306	262 
9307	76 
9308	196 
9309	150 
9310	160 
9311	127 
9312	192 
9313	146 
9314	204 
9315	202 
9316	143 
9317	13 
9318	1 
9319	187 
9320	204 
9321	197 
9322	162 
9323	187 
9324	69 
9325	213 
9326	127 
9327	185 
9328	96 
9329	33 
9330	70 
9331	294 
9332	213 
9333	48 
9334	188 
9335	214 
9336	212 
9337	170 
9338	46 
9339	285 
9340	209 
9341	235 
9342	175 
9343	183 
9344	198 
9345	87 
9346	12 
9347	8 
9348	280 
9349	120 
9350	272 
9351	210 
9352	282 
9353	89 
9354	94 
9355	124 
9356	17 
9357	112 
9358	308 
9359	111 
9360	4 
9361	221 
9362	151 
9363	282 
9364	271 
9365	21 
9366	29 
9367	116 
9368	21 
9369	182 
9370	192 
9371	211 
9372	239 
9373	254 
9374	258 
9375	285 
9376	6 
9377	143 
9378	171 
9379	215 
9380	196 
9381	210 
9382	288 
9383	285 
9384	166 
9385	111 
9386	19 
9387	6 
9388	293 
9389	172 
9390	169 
9391	296 
9392	39 
9393	246 
9394	292 
9395	119 
9396	176 
9397	89 
9398	24 
9399	274 
9400	255 
9401	61 
9402	142 
9403	171 
9404	187 
9405	146 
9406	246 
9407	236 
9408	225 
9409	4 
9410	238 
9411	223 
9412	280 
9413	205 
9414	139 
9415	166 
9416	69 
9417	187 
9418	100 
9419	298 
9420	200 
9421	88 
9422	260 
9423	267 
9424	299 
9425	3 
9426	209 
9427	170 
9428	187 
9429	177 
9430	254 
9431	165 
9432	237 
9433	221 
9434	32 
9435	157 
9436	85 
9437	33 
9438	217 
9439	209 
9440	267 
9441	166 
9442	85 
9443	166 
9444	17 
9445	78 
9446	174 
9447	284 
9448	253 
9449	172 
9450	257 
9451	40 
9452	190 
9453	213 
9454	268 
9455	301 
9456	121 
9457	123 
9458	262 
9459	40 
9460	219 
9461	17 
9462	269 
9463	150 
9464	31 
9465	167 
9466	116 
9467	103 
9468	169 
9469	290 
9470	298 
9471	82 
9472	94 
9473	44 
9474	186 
9475	270 
9476	9 
9477	236 
9478	202 
9479	19 
9480	37 
9481	250 
9482	12 
9483	112 
9484	275 
9485	68 
9486	304 
9487	23 
9488	140 
9489	69 
9490	208 
9491	11 
9492	288 
9493	98 
9494	250 
9495	256 
9496	120 
9497	181 
9498	193 
9499	19 
9500	303 
9501	24 
9502	254 
9503	183 
9504	56 
9505	110 
9506	119 
9507	256 
9508	8 
9509	286 
9510	128 
9511	209 
9512	111 
9513	216 
9514	18 
9515	95 
9516	255 
9517	98 
9518	18 
9519	287 
9520	49 
9521	52 
9522	156 
9523	299 
9524	46 
9525	222 
9526	208 
9527	268 
9528	7 
9529	175 
9530	168 
9531	297 
9532	233 
9533	229 
9534	4 
9535	220 
9536	277 
9537	262 
9538	83 
9539	118 
9540	82 
9541	34 
9542	21 
9543	141 
9544	281 
9545	243 
9546	299 
9547	106 
9548	95 
9549	64 
9550	285 
9551	9 
9552	42 
9553	297 
9554	258 
9555	231 
9556	74 
9557	258 
9558	146 
9559	53 
9560	203 
9561	9 
9562	159 
9563	132 
9564	127 
9565	289 
9566	144 
9567	104 
9568	288 
9569	189 
9570	6 
9571	99 
9572	190 
9573	220 
9574	202 
9575	205 
9576	13 
9577	23 
9578	120 
9579	141 
9580	67 
9581	121 
9582	273 
9583	262 
9584	227 
9585	68 
9586	9 
9587	41 
9588	116 
9589	270 
9590	213 
9591	253 
9592	209 
9593	62 
9594	209 
9595	42 
9596	286 
9597	239 
9598	139 
9599	115 
9600	23 
9601	55 
9602	291 
9603	232 
9604	80 
9605	130 
9606	19 
9607	227 
9608	140 
9609	101 
9610	136 
9611	126 
9612	255 
9613	147 
9614	299 
9615	134 
9616	155 
9617	59 
9618	227 
9619	256 
9620	150 
9621	63 
9622	59 
9623	69 
9624	114 
9625	277 
9626	297 
9627	183 
9628	240 
9629	170 
9630	86 
9631	285 
9632	85 
9633	162 
9634	88 
9635	203 
9636	30 
9637	249 
9638	139 
9639	116 
9640	37 
9641	127 
9642	159 
9643	173 
9644	252 
9645	296 
9646	108 
9647	44 
9648	201 
9649	10 
9650	180 
9651	76 
9652	96 
9653	175 
9654	80 
9655	178 
9656	100 
9657	204 
9658	259 
9659	85 
9660	86 
9661	66 
9662	293 
9663	256 
9664	223 
9665	254 
9666	62 
9667	51 
9668	2 
9669	233 
9670	90 
9671	211 
9672	192 
9673	62 
9674	115 
9675	226 
9676	67 
9677	218 
9678	128 
9679	86 
9680	242 
9681	124 
9682	234 
9683	121 
9684	244 
9685	102 
9686	111 
9687	242 
9688	17 
9689	39 
9690	16 
9691	245 
9692	282 
9693	273 
9694	142 
9695	99 
9696	102 
9697	189 
9698	238 
9699	180 
9700	121 
9701	179 
9702	249 
9703	42 
9704	89 
9705	301 
9706	254 
9707	194 
9708	283 
9709	147 
9710	151 
9711	264 
9712	285 
9713	9 
9714	18 
9715	275 
9716	96 
9717	88 
9718	239 
9719	288 
9720	91 
9721	36 
9722	292 
9723	292 
9724	263 
9725	268 
9726	84 
9727	57 
9728	24 
9729	74 
9730	207 
9731	21 
9732	92 
9733	293 
9734	308 
9735	250 
9736	183 
9737	158 
9738	195 
9739	14 
9740	116 
9741	285 
9742	199 
9743	133 
9744	291 
9745	233 
9746	212 
9747	152 
9748	1 
9749	255 
9750	201 
9751	234 
9752	190 
9753	177 
9754	24 
9755	250 
9756	144 
9757	177 
9758	29 
9759	149 
9760	132 
9761	45 
9762	69 
9763	22 
9764	266 
9765	172 
9766	28 
9767	192 
9768	174 
9769	262 
9770	158 
9771	46 
9772	274 
9773	234 
9774	273 
9775	308 
9776	95 
9777	71 
9778	285 
9779	282 
9780	62 
9781	241 
9782	41 
9783	96 
9784	125 
9785	3 
9786	52 
9787	285 
9788	219 
9789	164 
9790	223 
9791	110 
9792	230 
9793	167 
9794	193 
9795	40 
9796	68 
9797	288 
9798	237 
9799	220 
9800	254 
9801	51 
9802	304 
9803	34 
9804	156 
9805	96 
9806	95 
9807	76 
9808	302 
9809	187 
9810	105 
9811	42 
9812	61 
9813	201 
9814	297 
9815	184 
9816	135 
9817	298 
9818	161 
9819	154 
9820	211 
9821	27 
9822	91 
9823	72 
9824	155 
9825	178 
9826	248 
9827	264 
9828	110 
9829	217 
9830	153 
9831	206 
9832	132 
9833	89 
9834	223 
9835	223 
9836	120 
9837	141 
9838	182 
9839	184 
9840	54 
9841	267 
9842	238 
9843	227 
9844	15 
9845	173 
9846	179 
9847	32 
9848	99 
9849	298 
9850	44 
9851	152 
9852	24 
9853	137 
9854	161 
9855	101 
9856	303 
9857	162 
9858	151 
9859	196 
9860	158 
9861	150 
9862	18 
9863	218 
9864	125 
9865	125 
9866	48 
9867	124 
9868	57 
9869	6 
9870	265 
9871	244 
9872	216 
9873	269 
9874	107 
9875	55 
9876	209 
9877	78 
9878	263 
9879	174 
9880	215 
9881	11 
9882	118 
9883	259 
9884	263 
9885	44 
9886	219 
9887	65 
9888	11 
9889	82 
9890	60 
9891	264 
9892	287 
9893	204 
9894	49 
9895	269 
9896	68 
9897	85 
9898	95 
9899	244 
9900	285 
9901	250 
9902	299 
9903	267 
9904	247 
9905	273 
9906	15 
9907	81 
9908	146 
9909	186 
9910	263 
9911	227 
9912	212 
9913	265 
9914	277 
9915	162 
9916	220 
9917	8 
9918	297 
9919	57 
9920	29 
9921	57 
9922	159 
9923	4 
9924	294 
9925	39 
9926	155 
9927	231 
9928	222 
9929	238 
9930	221 
9931	249 
9932	194 
9933	59 
9934	174 
9935	206 
9936	261 
9937	266 
9938	156 
9939	205 
9940	281 
9941	216 
9942	66 
9943	60 
9944	82 
9945	59 
9946	29 
9947	6 
9948	183 
9949	206 
9950	204 
9951	207 
9952	185 
9953	163 
9954	216 
9955	218 
9956	187 
9957	262 
9958	100 
9959	260 
9960	189 
9961	200 
9962	21 
9963	101 
9964	196 
9965	290 
9966	66 
9967	193 
9968	68 
9969	119 
9970	129 
9971	14 
9972	156 
9973	179 
9974	220 
9975	286 
9976	47 
9977	160 
9978	75 
9979	103 
9980	271 
9981	226 
9982	102 
9983	82 
9984	195 
9985	200 
9986	81 
9987	52 
9988	136 
9989	218 
9990	107 
9991	99 
9992	221 
9993	82 
9994	240 
9995	243 
9996	39 
9997	195 
9998	198 
9999	205 
10000	177 
