362	501
807	851
848	889
526	838
927	953
471	673
154	966
520	794
93	461
593	784
82	568
279	853
941	972
853	859
677	899
536	923
116	337
214	872
300	912
387	800
695	916
318	966
299	687
552	867
827	843
73	869
307	807
573	926
633	977
581	787
369	867
759	793
575	743
869	961
74	461
781	848
60	297
607	695
560	620
785	967
637	803
664	677
222	295
301	625
521	628
402	936
401	977
179	864
924	981
519	932
555	626
753	870
959	975
719	993
727	854
116	929
658	983
355	982
167	931
616	757
836	989
951	976
528	644
822	862
472	978
393	456
150	698
852	970
12	993
282	588
306	945
144	883
759	927
570	762
864	980
55	545
239	891
514	867
775	871
808	819
516	647
287	824
796	930
259	991
111	827
56	662
135	955
713	932
336	945
951	989
3	18
747	930
912	997
428	655
870	1000
259	883
171	999
312	709
840	865
47	963
201	878
657	892
421	652
467	997
434	591
95	896
136	897
618	937
819	927
939	992
815	956
419	956
138	943
749	831
652	935
849	954
687	892
92	719
226	948
446	951
821	828
50	722
121	602
104	958
374	782
489	769
761	962
700	952
423	674
703	957
636	967
166	789
133	612
735	946
578	962
707	847
58	438
647	954
545	906
911	1000
751	782
116	271
682	911
860	954
920	968
32	277
120	915
684	728
725	729
656	895
802	949
243	985
499	911
246	502
259	441
402	749
594	919
676	729
487	564
681	844
950	968
158	739
485	905
498	578
286	924
602	901
387	747
681	965
904	973
375	858
292	860
779	978
773	904
332	932
588	858
748	847
426	796
785	914
384	570
771	979
103	291
466	868
889	971
526	919
567	920
732	987
506	940
607	992
968	971
885	973
563	922
838	861
903	990
667	750
121	991
424	763
644	995
643	807
899	992
389	927
296	699
34	699
287	879
669	944
418	810
831	979
850	992
643	928
627	920
57	538
838	874
43	374
39	898
359	876
553	890
97	610
625	995
303	715
798	923
104	1000
197	962
652	990
196	710
62	895
736	839
689	993
143	968
499	603
55	855
608	775
673	904
698	934
937	950
524	552
504	839
572	714
131	971
469	966
166	965
890	996
287	437
443	950
85	976
709	840
767	781
390	794
593	665
450	845
109	323
288	554
694	976
535	660
380	786
325	850
688	902
793	955
705	842
443	842
825	907
811	972
649	681
547	670
373	517
91	804
36	868
526	961
591	861
341	915
363	445
693	845
538	971
612	920
44	170
100	974
917	967
829	854
655	738
792	972
776	964
676	797
459	799
712	979
25	278
887	980
871	972
447	681
820	926
322	915
778	929
836	870
896	921
407	464
739	974
940	964
150	579
458	695
771	926
176	982
396	985
795	990
574	991
607	939
734	980
753	993
868	980
651	982
669	999
58	882
581	923
87	351
801	926
4	582
584	928
382	942
924	996
528	767
29	531
689	806
653	883
54	66
190	893
207	308
914	924
437	999
22	491
127	544
951	991
486	891
428	886
409	644
414	988
925	938
446	711
559	588
3	370
643	996
844	986
696	822
123	960
434	822
281	314
902	927
2	899
150	834
458	950
268	789
496	653
152	614
537	950
614	645
291	894
580	768
906	938
221	835
207	671
702	879
320	548
532	727
724	897
691	720
503	669
742	951
423	905
538	892
879	956
20	966
832	844
675	897
620	961
413	897
36	910
67	260
738	953
335	977
278	443
691	841
932	967
154	673
300	956
575	666
131	918
828	846
888	897
506	566
98	512
533	669
681	833
679	723
906	951
159	199
59	786
367	902
890	943
480	779
614	779
77	803
198	800
487	674
15	864
235	867
725	731
147	754
193	870
582	682
672	841
223	749
512	623
228	864
897	959
123	518
596	967
398	457
293	700
554	970
655	793
619	870
746	911
132	459
261	344
288	972
329	744
563	682
683	976
493	852
37	572
787	804
468	795
228	288
857	984
790	994
554	983
576	742
567	922
634	683
5	889
220	585
225	929
299	878
333	462
505	983
706	973
40	883
164	424
755	865
801	981
875	930
465	766
960	974
382	997
41	475
734	927
627	801
720	992
305	750
838	984
604	817
180	755
796	987
975	989
97	491
303	825
266	943
118	779
412	997
641	820
708	995
37	827
548	777
606	984
694	831
565	717
344	718
726	820
757	887
335	898
130	237
168	263
830	877
434	648
635	638
24	255
590	895
356	728
617	769
620	774
606	876
518	992
587	597
867	880
349	954
682	834
756	820
162	310
324	897
761	898
351	1000
907	952
198	492
714	823
48	733
230	710
557	839
612	775
469	726
4	892
283	492
236	905
184	715
673	906
791	898
529	898
480	713
559	777
710	946
718	770
723	885
828	901
197	280
381	626
881	949
774	786
278	390
231	278
795	845
332	855
800	960
758	963
614	955
616	735
253	683
869	952
500	560
579	853
679	791
746	966
880	966
663	968
570	740
129	280
855	909
552	871
679	912
193	938
623	751
86	812
829	856
493	678
113	393
371	917
285	648
233	458
679	804
769	963
361	872
741	864
149	989
685	969
93	828
836	872
822	974
357	874
940	966
305	455
260	941
771	928
857	931
194	587
567	869
512	933
504	520
954	985
315	998
609	987
139	543
625	931
162	941
745	767
924	998
330	525
847	980
398	888
544	713
53	890
741	998
722	756
713	936
854	875
262	1000
518	926
100	184
914	926
74	949
817	993
784	816
569	662
789	931
522	587
995	999
833	937
571	708
400	826
381	547
969	983
754	829
738	821
775	888
687	775
425	775
282	955
601	708
661	722
284	772
537	952
316	953
572	650
302	560
453	958
976	999
351	947
700	835
459	480
328	963
656	765
802	819
807	897
430	947
886	961
41	906
261	909
869	994
57	850
49	437
510	832
246	722
897	948
916	961
709	897
827	889
309	963
739	776
598	800
11	37
749	969
661	856
399	856
347	666
540	566
490	974
605	961
168	923
765	913
663	902
649	967
520	853
184	904
406	980
561	625
103	979
703	974
438	676
383	740
148	577
459	964
492	912
874	977
794	954
491	916
725	854
615	982
482	867
950	972
438	797
880	913
704	916
167	977
468	905
470	749
500	857
786	985
362	923
904	977
642	977
549	749
623	698
903	981
686	983
667	741
875	919
727	792
768	793
660	967
477	994
274	931
530	628
516	693
774	988
759	865
487	931
743	857
13	752
187	410
674	757
338	808
665	937
945	991
444	709
664	978
375	875
287	991
576	865
857	878
204	993
276	344
699	706
93	896
338	929
835	981
899	996
711	945
838	986
337	475
870	938
534	989
854	930
873	980
234	993
872	984
151	958
863	935
627	924
33	185
81	899
645	712
824	943
447	993
884	994
125	942
414	816
32	899
481	725
775	943
236	894
893	935
43	499
34	945
777	989
524	543
255	355
353	661
652	994
270	663
132	958
844	935
525	889
29	951
511	954
629	946
909	1000
568	707
694	846
316	900
429	777
236	907
194	910
684	774
937	954
395	671
936	995
432	967
812	959
853	960
438	489
503	847
489	949
594	965
649	672
318	838
114	513
241	325
251	784
581	659
880	955
283	736
374	854
219	980
470	562
781	949
800	962
598	976
918	954
675	967
895	970
848	895
180	436
603	798
704	850
107	631
748	893
712	970
450	970
871	963
105	972
265	924
176	852
658	855
167	803
560	963
940	955
651	852
978	981
439	444
98	114
917	971
405	796
179	978
418	506
910	968
137	981
522	563
887	984
30	360
219	296
403	871
370	694
12	986
678	810
375	809
752	796
53	758
667	917
746	981
966	984
327	997
239	884
877	912
192	809
558	866
940	968
95	876
403	992
439	686
530	804
697	981
617	692
796	923
556	978
745	877
509	866
803	818
970	995
734	984
808	933
30	373
167	348
403	884
585	861
866	874
521	876
617	813
507	941
226	928
395	471
534	815
553	828
157	828
551	984
835	928
439	928
618	930
477	954
282	944
342	995
277	371
312	594
900	993
108	535
459	469
865	928
708	944
422	587
515	549
513	705
289	960
366	426
130	415
104	951
701	941
594	778
599	893
356	906
791	834
610	759
837	950
485	764
89	498
765	781
806	819
663	770
709	886
673	963
846	891
906	942
51	162
188	662
749	958
193	740
969	998
141	321
490	963
278	326
663	891
396	547
943	945
464	947
161	909
790	851
688	840
493	601
517	729
80	691
346	847
654	963
795	902
277	976
813	956
725	843
417	498
637	730
670	678
339	807
848	950
526	899
908	964
602	665
203	919
44	337
147	987
174	861
771	851
664	725
669	803
774	856
875	908
42	678
792	910
649	861
79	974
253	632
174	982
755	964
908	977
83	342
470	751
186	992
368	969
468	678
327	702
850	972
767	974
321	628
417	861
21	861
664	967
650	803
584	974
121	984
295	871
331	528
181	998
644	759
630	861
671	862
275	633
41	466
294	646
729	803
808	867
238	751
439	741
637	985
274	933
112	117
347	923
507	875
975	980
386	585
671	983
745	932
248	651
607	998
238	872
665	939
706	977
780	926
40	887
590	765
521	931
636	881
667	985
842	986
565	708
919	977
518	633
756	919
525	757
48	603
810	926
669	950
1	262
345	826
823	865
974	997
528	947
233	770
62	888
313	470
222	840
659	878
860	868
698	806
824	945
216	537
689	757
78	832
513	760
537	888
960	991
210	493
784	994
44	955
508	830
346	768
731	875
721	830
490	668
429	658
990	991
164	912
654	776
948	994
681	879
84	660
846	946
428	958
538	601
837	897
202	386
587	722
573	787
922	941
578	902
297	660
552	849
304	784
455	953
362	725
937	956
367	840
532	907
344	856
853	962
806	887
869	943
332	967
230	956
693	717
579	615
334	784
462	969
591	854
300	907
415	628
327	515
478	913
785	841
389	841
771	906
408	854
568	843
366	857
457	975
746	849
616	739
662	855
54	972
610	961
706	898
885	900
301	849
769	954
328	457
545	980
820	919
586	752
565	629
718	908
124	398
401	972
822	965
841	978
417	916
114	878
339	996
910	970
514	970
371	921
780	860
871	978
843	916
521	865
378	816
149	993
400	575
377	591
671	809
5	948
561	937
743	914
266	989
412	814
431	827
525	691
411	589
172	832
655	986
259	986
413	635
710	858
803	820
701	809
305	580
659	812
912	992
870	995
240	828
680	871
537	822
46	999
638	645
520	589
558	881
866	997
310	779
170	476
516	884
69	838
537	943
812	882
891	946
118	959
742	823
444	900
497	992
731	930
175	712
615	718
988	1000
229	948
647	707
522	941
118	851
126	675
635	818
761	957
805	1000
441	952
964	993
224	954
696	949
677	707
407	846
833	954
35	156
647	949
251	949
688	950
289	975
125	315
92	138
536	852
575	780
742	957
148	218
304	960
786	963
106	975
598	683
188	785
688	842
512	616
228	857
575	901
704	786
547	839
137	675
304	852
868	894
51	406
133	970
637	732
375	503
70	621
406	984
211	745
142	911
546	735
549	740
67	508
163	970
619	984
281	925
778	977
575	914
459	968
896	969
170	865
333	334
54	919
725	858
351	388
783	799
843	850
222	237
755	966
908	979
672	968
892	971
47	650
743	848
555	797
808	977
752	853
475	804
783	920
447	971
595	869
620	633
121	986
625	748
179	927
253	876
63	981
753	933
98	184
227	823
494	938
750	864
636	762
326	802
741	815
264	890
606	856
914	972
279	461
148	944
215	476
266	936
435	479
665	941
926	982
623	944
134	753
282	651
411	536
433	820
424	1000
743	982
237	356
239	954
495	880
963	985
830	870
835	985
527	832
921	988
16	653
692	936
241	1000
956	982
474	942
735	983
914	985
193	434
215	947
416	708
476	759
104	887
797	814
305	877
800	819
170	423
925	999
689	988
68	375
185	960
226	998
240	896
923	926
565	952
754	888
432	837
504	942
657	955
27	788
696	883
374	832
314	552
522	767
71	831
668	821
701	998
756	934
599	950
819	990
29	834
698	929
323	786
717	942
777	993
566	894
948	996
211	437
49	146
147	681
837	899
152	796
64	912
293	735
413	837
922	943
237	840
311	789
705	945
793	829
880	946
176	601
374	845
816	961
420	961
934	953
156	622
937	958
716	959
697	717
790	908
573	910
153	324
834	951
709	956
547	894
258	791
712	961
6	984
711	736
45	912
862	905
17	850
614	840
705	958
603	910
331	451
308	733
1	990
178	394
70	797
600	797
952	956
778	803
112	979
910	959
332	982
406	931
473	921
767	910
558	736
183	630
90	402
477	811
463	913
692	736
86	926
222	292
447	905
903	919
667	908
176	856
107	985
864	964
745	747
822	967
68	764
362	982
114	880
752	908
650	860
342	515
856	965
336	700
105	279
891	922
951	973
440	757
555	744
271	985
871	980
122	596
884	919
861	935
88	985
570	988
451	808
201	862
481	650
197	891
665	996
527	766
35	829
824	989
750	811
175	580
653	878
878	996
74	942
354	996
836	999
527	887
646	875
67	939
111	945
708	935
331	719
69	948
110	720
36	542
210	429
839	866
247	991
13	824
32	837
687	997
406	489
5	145
254	886
474	889
694	892
513	817
231	902
710	873
42	185
830	938
916	941
135	147
717	768
925	946
331	961
293	440
619	839
476	827
206	966
784	943
200	892
761	959
709	769
700	949
524	723
730	828
642	715
256	908
94	846
737	952
369	556
176	427
38	951
373	675
598	793
649	731
420	908
679	839
920	965
711	791
499	908
466	731
774	847
383	962
718	723
50	264
594	916
709	903
533	677
519	742
290	919
706	834
133	972
448	983
19	577
583	619
5	642
500	621
505	965
627	662
843	960
683	742
957	981
593	970
931	965
451	971
413	450
690	758
257	876
766	982
153	755
204	986
223	999
264	1000
372	799
713	863
798	907
514	919
178	933
197	946
544	761
59	460
247	925
588	989
808	992
646	930
379	815
546	992
267	345
720	879
318	576
356	831
502	885
82	299
221	643
226	987
111	771
548	772
708	990
837	875
620	648
353	533
265	420
168	487
830	872
453	885
576	992
414	930
240	777
592	936
724	826
94	659
677	751
393	992
715	777
271	477
183	364
78	836
353	775
303	954
344	955
724	947
177	320
641	949
233	895
219	960
673	901
29	836
612	662
730	883
40	436
212	957
936	988
867	888
163	772
435	965
350	598
333	954
897	996
580	831
189	909
193	799
922	945
163	664
383	896
402	909
591	845
718	886
663	950
811	848
915	942
538	955
758	958
568	834
463	552
31	858
727	827
765	853
811	969
712	963
478	796
587	968
581	894
600	907
540	627
581	665
719	858
737	912
883	966
179	850
487	966
368	786
239	635
329	794
480	963
72	872
58	974
573	925
667	789
639	727
732	918
792	969
143	294
10	933
137	745
431	926
208	625
171	743
787	975
861	924
4	337
602	966
775	857
412	576
618	910
558	630
365	464
796	916
479	980
759	805
616	985
849	927
546	926
632	929
21	812
766	929
81	826
912	983
623	880
188	400
264	947
474	528
534	808
553	821
754	811
685	977
509	980
104	931
701	921
269	998
516	875
824	991
460	980
840	972
160	947
891	937
388	582
849	940
508	647
525	816
170	359
142	526
166	654
909	927
174	478
988	991
279	531
826	929
949	999
668	986
701	934
847	988
819	926
860	927
626	760
23	955
319	953
695	715
645	894
631	996
763	886
105	886
716	774
554	712
707	954
397	765
66	894
443	652
663	884
902	937
82	609
610	994
717	891
463	715
628	782
573	846
881	999
922	1000
399	730
75	606
770	902
809	830
616	664
814	945
203	791
510	948
496	784
642	838
573	738
471	956
600	841
746	895
168	918
911	999
52	972
387	962
781	889
464	953
593	838
276	902
493	607
238	731
832	975
403	798
931	954
889	957
311	980
570	682
432	452
186	985
189	990
882	917
142	915
288	969
324	626
546	739
585	667
342	680
516	567
540	924
831	844
418	446
747	850
771	978
857	981
889	970
190	932
336	986
298	465
368	975
643	914
539	564
945	986
824	925
521	924
736	812
801	978
100	113
979	984
22	422
209	285
398	938
516	930
956	973
653	935
713	986
933	989
907	936
208	935
667	991
826	984
900	933
251	524
416	820
605	756
784	987
481	949
715	887
819	981
557	715
620	1000
914	989
55	733
352	956
608	653
365	895
693	697
326	940
529	774
17	828
191	715
941	947
361	372
416	833
383	656
219	962
453	900
409	830
818	998
109	538
656	936
422	769
790	899
589	882
33	664
508	957
181	562
695	783
788	947
242	959
102	390
327	737
748	767
274	618
482	796
573	914
614	952
77	747
567	611
457	739
639	716
4	205
214	981
93	691
79	793
131	983
910	950
588	670
753	966
412	444
651	726
31	981
347	729
880	963
42	618
336	799
718	901
418	609
753	858
54	857
475	850
370	568
773	958
162	804
575	973
454	912
163	211
604	856
884	910
466	922
686	925
369	989
713	799
966	979
330	509
225	981
720	923
324	694
477	936
442	686
650	864
20	697
309	571
669	877
875	982
523	759
94	353
849	929
250	866
361	882
736	759
56	1000
245	936
88	989
826	918
363	928
845	931
382	941
798	856
803	934
217	810
384	987
351	810
370	823
824	993
942	985
188	523
840	974
160	949
471	582
710	864
517	698
118	723
541	826
935	982
200	533
747	931
48	893
846	873
139	782
854	993
988	993
740	891
467	998
717	880
703	945
763	996
529	829
157	957
408	539
680	998
821	937
881	988
812	888
798	990
195	660
897	932
566	832
249	896
268	909
156	439
730	940
124	901
289	968
22	853
531	996
545	894
462	896
797	886
93	504
566	953
800	891
417	601
381	678
642	948
779	953
654	958
728	907
744	851
158	727
270	968
466	843
719	794
892	951
448	974
487	902
454	725
739	894
771	846
843	951
153	504
584	956
396	905
685	779
98	982
602	781
767	848
670	915
494	918
609	905
535	727
295	974
690	978
8	163
660	843
411	516
903	978
20	631
507	749
488	507
856	903
61	928
859	908
473	872
44	695
720	978
794	964
40	990
766	865
475	918
26	826
609	918
595	983
810	908
221	284
234	977
745	927
468	915
321	636
674	754
808	983
882	932
678	873
70	990
518	857
666	755
979	986
583	986
877	975
963	978
310	827
65	242
796	986
870	935
754	989
680	811
413	696
358	760
425	935
243	894
363	996
160	896
578	655
435	835
66	709
816	941
120	945
307	542
694	951
215	953
311	661
613	999
304	658
216	774
739	815
629	943
147	674
740	959
793	822
140	900
126	736
392	892
464	997
901	998
524	782
818	1000
596	887
628	839
702	825
655	713
94	676
29	961
681	887
786	903
82	787
106	915
744	906
496	841
804	957
890	997
771	780
105	956
12	728
17	843
135	798
152	213
792	839
102	392
401	954
415	852
621	957
748	769
211	793
832	911
128	795
785	836
218	459
484	844
79	795
338	726
1	875
491	968
545	975
336	572
286	980
500	909
431	809
783	968
664	788
829	855
317	680
776	965
368	911
473	927
266	863
7	868
463	919
871	973
442	567
741	863
350	978
410	763
303	637
539	621
810	855
722	971
42	983
854	861
78	411
699	987
625	809
143	540
456	1000
485	506
798	966
836	992
352	879
761	818
733	985
544	820
511	643
414	976
796	812
226	925
757	820
784	923
626	751
326	984
284	987
900	990
611	887
3	479
858	993
536	713
775	995
503	536
995	998
626	872
934	988
189	605
909	931
886	947
509	997
691	708
333	1000
407	949
844	987
318	877
626	993
552	778
502	957
818	934
615	834
152	844
821	939
297	939
99	954
536	955
300	944
233	954
714	998
497	1000
791	952
505	595
703	839
312	954
62	254
378	490
167	721
869	993
547	942
244	904
607	727
87	957
307	960
422	947
18	857
436	616
904	950
876	888
227	442
581	711
894	942
214	917
66	790
603	729
644	730
33	613
594	909
618	714
210	919
360	863
616	789
767	958
841	907
151	460
1	930
348	974
904	963
945	964
843	953
452	802
14	576
456	692
695	974
266	797
357	686
692	905
516	679
540	807
727	899
933	967
514	791
505	971
38	273
604	913
141	923
838	851
645	685
452	815
336	869
960	962
110	297
63	976
393	851
486	813
90	813
338	686
472	915
394	995
595	985
249	348
653	926
620	749
606	851
465	875
861	875
570	928
569	703
76	770
329	987
926	977
26	949
764	915
750	751
884	980
424	995
694	819
793	798
564	975
104	990
742	752
222	716
461	998
782	824
465	888
592	929
229	877
215	942
256	714
724	819
127	600
729	934
173	716
16	998
351	988
833	991
406	658
925	994
524	650
703	881
529	765
229	998
740	948
921	996
390	542
183	478
307	773
18	670
675	940
661	776
366	599
278	486
295	655
61	488
589	873
80	501
591	717
897	989
415	491
730	997
922	938
540	607
880	941
369	725
663	943
598	962
362	722
577	610
760	997
125	257
116	437
551	594
929	954
280	545
404	840
82	560
642	897
176	838
429	789
506	972
676	895
438	959
639	720
317	669
594	977
762	790
315	744
590	683
686	916
493	787
6	174
534	559
584	905
685	728
778	919
561	921
280	908
8	220
618	903
370	801
859	965
281	988
410	873
671	914
776	967
850	916
674	919
271	980
95	983
126	296
329	921
452	991
861	930
248	703
710	734
789	798
444	992
81	940
425	750
783	983
115	295
942	976
18	362
840	965
671	927
872	917
321	814
830	920
338	983
775	984
761	820
692	986
79	234
411	707
906	915
474	763
823	917
501	866
969	971
726	984
330	984
96	817
812	987
550	758
379	876
525	930
198	535
272	521
730	810
501	987
983	990
721	990
721	761
710	868
536	944
916	936
543	876
450	648
92	940
763	879
386	892
707	947
550	1000
839	874
930	992
814	817
800	882
371	476
422	936
496	885
716	888
661	952
298	900
67	479
499	890
702	990
325	774
447	471
793	879
163	712
839	995
603	718
811	896
319	959
508	895
52	615
612	952
202	559
136	205
383	836
572	772
682	903
360	852
456	560
189	970
221	959
885	939
205	951
232	559
471	841
424	729
792	896
470	845
704	783
635	949
165	734
225	785
235	978
670	906
563	780
549	616
158	731
820	850
486	681
524	973
521	675
938	963
101	991
357	917
329	855
711	920
452	925
6	350
424	863
336	979
60	815
674	974
882	923
340	347
248	758
146	976
440	928
51	887
701	969
393	624
613	856
117	689
43	474
604	807
912	923
125	809
70	873
254	694
284	802
831	971
872	972
583	869
541	872
608	633
250	925
379	810
866	928
488	982
307	412
532	759
592	810
583	990
944	969
302	482
775	931
599	705
343	456
914	982
550	705
520	762
126	377
585	928
134	992
280	292
211	421
423	600
73	716
128	423
446	998
606	987
430	990
738	877
264	432
379	944
700	770
758	940
832	889
918	929
730	878
955	996
191	600
825	886
272	939
15	788
483	893
698	818
334	770
587	950
485	939
3	670
182	901
723	996
167	778
943	999
547	770
277	909
514	593
59	952
279	955
494	614
499	958
628	843
460	478
170	904
482	910
260	797
375	555
628	735
447	660
199	558
438	840
503	969
551	717
690	795
244	974
114	864
2	394
171	617
80	987
424	797
732	913
570	851
368	902
46	851
387	915
46	622
552	982
51	700
252	690
86	923
282	569
787	970
861	919
410	983
28	689
126	995
308	972
32	808
12	866
958	973
810	846
529	567
548	580
551	851
9	568
281	990
446	569
36	405
597	738
473	931
314	349
238	805
269	872
117	744
733	747
203	289
405	918
391	983
740	871
69	703
413	513
485	618
738	798
564	682
385	939
882	991
80	303
200	634
411	817
805	973
731	795
529	809
262	990
726	865
638	981
564	803
817	983
677	680
574	996
333	641
527	884
76	719
48	886
258	467
750	929
213	990
736	994
488	929
562	878
413	755
330	986
858	876
407	711
687	994
24	650
356	894
175	590
319	948
313	645
525	824
681	812
610	868
684	817
895	1000
427	666
325	884
430	937
705	876
605	938
388	940
190	201
186	954
2	904
304	946
340	899
964	992
881	994
853	895
839	997
913	946
591	895
272	886
10	849
392	951
115	902
478	954
593	712
744	844
785	882
788	887
172	389
672	941
37	430
484	890
825	954
663	892
943	946
473	502
813	836
293	800
414	538
834	895
248	505
132	559
113	317
868	893
118	395
832	970
436	970
155	957
250	322
563	782
549	847
141	793
56	685
245	621
892	957
234	728
762	847
662	909
426	669
780	901
329	965
558	559
692	788
273	804
644	976
671	850
179	913
836	917
132	801
495	624
467	791
808	855
646	793
852	898
810	901
713	968
674	976
192	744
541	861
627	901
16	747
780	914
866	917
38	277
967	969
26	940
764	906
838	855
741	922
340	578
801	973
248	989
845	979
611	812
701	971
775	920
197	943
16	868
357	932
365	756
557	697
4	521
551	919
129	930
812	923
210	360
412	989
541	874
849	990
250	927
747	979
442	868
777	858
565	938
694	823
237	355
522	982
902	974
673	885
98	654
483	761
464	519
851	928
455	699
754	995
518	984
721	818
504	820
757	1000
378	415
605	643
906	985
323	664
515	834
367	707
9	999
909	990
696	882
200	944
800	939
802	985
76	90
182	782
154	949
825	888
737	775
112	952
103	903
533	716
712	947
482	899
320	608
485	941
297	890
649	783
690	784
676	886
313	834
244	963
524	788
384	485
515	968
732	902
121	785
759	776
52	914
267	839
294	676
748	883
607	907
371	896
324	555
274	734
609	953
265	914
829	956
903	905
498	856
42	613
880	958
597	835
225	963
882	967
216	914
706	778
766	792
769	834
144	745
39	463
727	837
171	619
831	894
5	815
549	915
571	674
768	959
78	283
225	976
528	748
426	966
882	980
560	966
183	979
315	869
72	882
597	969
93	941
22	472
747	913
425	633
409	625
722	856
391	985
358	579
624	698
440	877
627	969
816	868
907	986
879	924
276	402
601	687
205	687
127	767
495	934
89	246
159	985
250	874
244	534
890	911
969	975
661	822
946	991
333	993
645	999
629	991
92	823
529	824
923	980
749	827
941	997
573	601
696	937
71	885
700	827
827	868
426	524
846	881
906	932
16	131
707	951
589	932
556	755
448	727
809	935
929	1000
263	947
115	783
441	953
656	878
771	828
521	653
292	830
366	779
526	768
448	848
665	782
436	959
706	820
656	999
348	846
26	566
788	889
908	954
359	483
429	956
952	997
284	309
583	605
299	846
404	899
684	953
380	956
399	969
600	959
275	381
373	916
607	854
748	830
271	905
384	553
43	223
263	492
732	970
9	612
52	982
704	908
690	973
745	909
616	795
558	790
637	854
414	782
540	921
667	962
405	962
859	903
759	965
46	800
220	687
789	844
431	870
305	502
458	744
838	965
115	341
502	750
378	980
111	865
501	562
740	807
370	752
103	637
623	932
824	922
361	932
617	858
741	924
689	734
28	988
196	572
108	459
944	960
319	642
461	991
956	970
601	742
518	973
105	575
451	983
726	922
757	989
523	822
756	801
140	532
849	992
453	763
888	920
136	827
328	997
648	938
823	976
245	999
606	978
377	889
845	994
201	929
858	933
321	994
921	989
717	930
918	920
648	830
152	892
666	884
270	884
654	995
833	997
511	946
337	830
409	935
386	951
124	951
260	317
559	879
922	931
222	964
915	928
684	995
496	944
683	770
677	992
61	723
143	267
814	997
593	998
137	718
87	897
519	554
174	785
642	890
672	998
567	716
765	960
220	608
385	675
161	967
813	893
577	616
655	950
287	554
415	968
487	844
387	906
929	960
546	670
799	850
348	914
389	952
408	965
871	955
3	916
364	858
419	565
947	950
905	953
877	891
822	955
627	716
389	844
771	909
26	755
530	554
447	785
120	390
259	963
428	506
56	863
415	981
271	973
627	837
577	979
711	979
912	969
497	727
449	686
192	801
574	866
720	920
632	807
139	645
942	969
377	702
657	985
25	745
178	987
393	912
632	928
747	915
392	687
34	979
208	866
557	754
230	396
433	984
625	925
449	928
160	825
743	917
696	805
761	934
687	756
404	633
557	875
496	636
565	995
155	343
532	818
740	996
418	982
710	861
440	1000
756	977
816	991
236	941
84	813
626	867
557	996
290	652
166	882
185	895
50	936
53	187
927	980
113	992
37	179
770	996
622	869
930	985
164	957
250	997
57	831
654	821
681	924
730	816
482	714
821	934
399	945
300	939
195	657
11	836
262	418
38	939
608	826
781	983
855	932
165	256
596	937
49	310
205	823
647	939
908	943
94	726
864	873
709	999
184	885
487	657
695	835
445	660
505	711
49	431
128	724
343	649
703	955
535	819
922	999
154	898
57	965
65	789
874	958
915	996
385	730
596	950
615	963
477	733
931	940
650	661
125	547
908	956
94	968
400	486
880	894
952	999
19	794
454	722
244	912
385	622
519	851
68	915
769	999
843	948
218	859
204	961
600	961
741	900
331	507
762	959
813	961
57	389
433	676
327	923
583	620
762	851
365	397
903	975
264	988
657	919
127	461
299	982
514	907
622	669
849	860
472	910
766	862
752	964
653	921
419	754
90	929
646	918
659	857
678	870
805	911
249	693
884	975
925	976
837	863
842	978
261	932
302	475
849	873
921	978
731	854
411	647
409	803
617	752
553	996
358	986
812	927
215	708
756	803
332	475
216	529
610	685
288	634
600	640
599	940
492	814
392	876
511	827
411	889
698	919
703	997
169	309
694	948
876	925
936	976
867	876
724	827
677	981
173	953
135	432
830	994
203	832
697	815
702	930
380	879
402	897
388	999
522	999
621	941
860	994
596	884
496	946
119	959
771	885
802	989
141	489
760	992
760	763
345	484
214	967
704	831
561	782
910	936
84	894
767	887
390	900
868	939
398	495
922	946
801	885
820	898
765	962
806	1000
286	964
24	964
640	967
822	944
381	972
563	949
293	859
475	836
77	975
961	995
852	944
764	831
141	623
218	806
507	680
685	952
836	855
555	842
82	918
491	857
856	955
859	960
740	743
564	783
643	847
95	978
852	957
70	921
190	986
405	911
386	632
279	506
248	927
435	753
949	974
444	987
571	799
722	968
460	968
537	922
509	860
440	989
668	853
33	342
847	855
131	648
893	971
282	817
650	984
634	976
207	643
460	860
909	915
399	584
569	995
784	920
434	807
16	819
888	977
728	759
236	822
585	976
659	925
733	874
860	915
648	995
326	981
510	573
515	880
306	477
177	363
223	479
770	877
195	646
484	520
434	928
286	764
673	944
296	994
411	944
492	640
731	922
717	987
675	990
224	825
416	995
25	881
374	769
145	946
566	939
392	823
642	934
105	995
702	985
241	361
140	723
575	651
308	536
874	947
660	695
540	778
908	945
350	654
825	947
368	708
459	826
87	954
598	904
119	906
293	793
241	374
58	896
3	731
619	963
779	952
214	914
630	829
690	843
643	768
519	732
670	901
771	953
931	942
494	904
361	789
576	714
806	947
570	899
317	490
542	837
862	963
221	378
61	914
553	622
391	560
181	979
19	917
143	458
449	501
182	386
877	948
808	848
794	950
186	276
871	904
768	897
312	617
532	620
699	797
74	974
50	388
468	901
13	735
847	897
236	743
26	933
631	784
254	797
553	864
803	975
123	987
61	109
849	862
921	967
103	520
53	928
323	523
129	923
652	964
872	967
412	982
431	995
766	985
530	974
425	692
543	913
245	990
437	931
886	986
784	975
816	927
539	915
558	928
833	867
392	636
442	982
571	867
636	996
763	808
513	862
647	862
913	981
830	983
508	932
816	819
566	873
805	926
925	991
436	534
501	929
749	765
348	421
821	870
246	639
928	996
388	988
149	477
536	886
635	865
346	762
962	994
455	934
802	978
568	811
936	978
36	950
688	876
779	994
435	955
517	994
603	768
737	997
434	996
608	883
709	935
313	706
827	927
922	935
36	842
347	704
470	774
24	724
311	902
204	776
259	483
460	473
938	1000
594	961
767	889
417	776
785	943
191	958
306	908
130	948
39	564
22	920
732	787
322	660
924	957
506	969
141	733
683	787
810	828
669	852
72	633
658	959
424	792
415	972
357	967
255	956
692	957
711	970
604	615
903	911
543	605
185	631
746	964
966	967
570	967
327	980
285	983
495	564
263	672
516	852
939	955
158	915
557	624
218	929
859	962
269	867
747	906
893	960
631	960
576	795
171	975
14	762
666	688
905	970
8	688
349	752
528	983
608	683
136	873
645	750
958	981
60	999
177	352
508	866
310	881
714	742
98	473
934	974
953	987
227	883
909	917
64	596
522	922
527	1000
318	634
189	712
110	833
894	915
242	760
346	817
599	997
406	602
953	1000
395	938
598	772
106	835
550	997
319	835
869	979
492	992
184	647
202	664
133	830
568	987
91	833
633	887
839	992
99	953
429	828
322	702
621	998
547	820
133	951
871	880
119	787
91	954
908	947
452	667
19	785
640	903
60	328
901	944
159	307
813	831
783	888
989	993
600	952
75	838
864	998
520	959
313	895
602	769
695	960
431	850
359	718
78	439
317	721
429	962
713	842
354	909
351	611
595	971
37	680
565	799
432	455
611	686
330	673
476	498
808	971
483	622
6	697
606	958
699	920
382	984
921	969
577	930
678	982
268	818
851	910
92	858
111	871
207	579
974	980
826	853
812	918
627	909
849	985
35	997
112	692
761	872
258	517
865	966
446	982
430	974
449	987
407	761
448	762
599	931
580	689
673	880
631	920
101	654
510	630
397	689
705	805
88	348
728	937
888	926
833	990
208	938
63	291
703	880
749	996
205	869
802	859
702	921
647	985
316	885
345	354
512	531
84	764
915	921
920	999
918	926
128	770
818	988
904	991
937	939
637	647
53	367
760	983
507	537
130	587
765	832
355	934
195	716
69	311
229	300
813	994
992	996
744	894
785	932
296	475
802	872
493	760
80	850
281	611
690	779
542	652
984	997
15	906
725	773
716	953
254	370
75	893
512	894
80	971
591	958
811	961
10	912
514	711
541	548
706	881
973	996
711	959
563	832
697	832
153	668
488	658
484	953
597	830
841	961
445	961
25	375
632	787
576	892
856	946
345	730
690	913
836	967
121	204
71	612
269	627
272	373
171	964
882	975
453	798
324	684
516	854
958	970
235	346
364	985
42	971
317	910
446	795
900	965
456	988
192	915
217	679
631	962
488	913
513	677
625	918
633	742
583	921
643	972
495	808
624	693
481	873
90	988
434	569
654	801
425	978
511	752
731	792
212	870
738	916
657	991
605	801
531	623
440	993
555	980
178	993
816	984
355	397
525	808
488	926
474	991
515	763
614	742
330	983
633	755
812	986
946	986
724	873
729	988
333	988
677	798
314	709
930	978
797	863
425	991
368	457
478	588
818	922
670	758
782	999
532	824
339	658
707	825
705	981
366	532
589	806
608	819
336	360
14	309
640	771
193	725
807	884
471	935
27	958
550	999
360	838
230	994
445	653
367	999
711	772
7	427
719	892
746	766
663	997
313	884
101	964
207	902
769	871
732	952
286	902
809	943
695	841
693	997
189	969
862	954
577	906
164	508
898	998
306	857
378	962
815	963
88	900
762	844
882	909
560	895
269	911
169	973
306	978
273	801
418	667
22	172
43	231
479	798
432	686
690	981
891	971
173	462
324	860
337	799
623	927
342	914
884	968
395	511
205	387
303	693
738	850
750	860
620	979
152	645
50	634
826	855
522	858
462	578
453	758
530	978
244	584
450	689
617	866
758	805
837	869
606	973
69	997
127	709
715	879
761	995
818	977
240	1000
265	535
512	641
700	877
323	890
1	839
469	944
106	892
909	987
950	988
210	949
545	939
580	933
781	923
547	756
640	947
855	872
423	949
343	697
904	993
86	546
507	539
545	831
663	823
189	903
202	842
90	372
219	257
293	960
458	539
554	772
70	430
364	611
704	945
841	950
290	847
155	659
31	852
977	996
573	906
292	893
378	896
391	606
167	898
354	724
822	829
734	945
440	498
408	960
667	891
89	914
111	444
231	509
542	896
643	948
660	888
252	797
646	953
431	799
747	776
752	891
768	835
732	912
28	796
64	224
247	840
692	961
241	796
829	966
823	892
74	804
738	784
946	962
49	976
398	864
103	458
750	794
791	795
185	756
59	388
592	851
129	861
652	902
148	874
740	749
338	971
169	933
571	913
604	861
221	800
391	982
735	792
303	869
927	962
638	859
242	859
90	990
57	813
444	993
122	713
824	985
422	682
942	977
196	864
91	582
490	816
913	919
550	867
531	625
228	816
401	744
296	987
934	978
428	877
455	980
689	918
969	972
339	768
807	873
927	975
710	977
751	978
737	814
71	990
640	652
598	884
402	945
572	868
765	768
314	832
816	999
360	719
744	830
790	946
210	896
628	655
869	983
368	701
734	758
887	1000
684	937
885	927
637	825
964	991
45	950
494	776
876	878
862	943
535	585
556	873
797	999
179	886
612	953
940	984
417	714
408	894
122	271
218	733
586	900
748	935
436	848
477	849
100	899
77	915
130	778
567	779
947	1000
83	437
745	785
165	964
836	903
500	954
674	841
260	972
631	656
273	682
653	903
644	854
335	513
882	911
123	859
847	890
403	913
227	916
122	405
722	895
419	857
842	960
224	618
322	961
19	923
471	495
762	967
7	805
184	438
254	911
648	801
14	929
349	690
151	934
486	924
150	975
549	980
153	980
323	637
221	626
881	901
215	811
238	980
723	729
544	986
700	745
340	927
427	586
344	817
624	871
696	976
715	989
30	886
305	862
571	981
343	565
73	704
867	979
605	979
839	917
825	982
677	855
200	930
420	933
323	1000
180	988
837	992
744	764
601	981
358	994
380	753
466	527
416	935
531	922
677	976
333	937
770	938
670	936
799	821
403	592
45	884
526	928
806	982
828	1000
420	946
533	823
192	530
582	944
656	930
691	887
391	595
685	813
635	992
910	931
533	944
514	702
662	829
712	946
505	882
887	947
293	962
334	1000
752	759
139	495
801	880
512	777
653	716
841	952
968	993
178	379
255	828
558	600
752	880
116	898
658	952
336	901
355	951
107	849
294	675
57	210
585	595
609	952
590	673
829	955
199	788
400	549
410	971
308	960
146	898
836	850
211	798
169	801
320	970
548	568
498	976
754	902
14	634
234	903
671	904
294	917
192	906
95	973
117	732
571	673
414	955
180	788
488	904
562	853
18	460
391	971
745	974
946	964
352	979
302	404
214	291
21	916
791	797
648	748
735	902
231	874
620	686
456	992
891	920
641	974
168	296
300	681
613	912
420	517
733	977
433	981
529	918
740	872
867	913
541	928
668	969
816	867
439	917
62	930
800	859
824	987
502	936
656	851
78	874
964	967
680	979
339	649
196	866
897	913
580	977
38	694
698	969
68	536
64	831
270	936
751	980
691	700
971	983
608	931
629	990
183	644
422	926
207	772
320	649
452	539
839	985
462	998
916	939
781	980
348	832
265	834
609	644
397	990
471	939
259	531
498	776
314	726
451	701
649	945
473	719
255	762
45	952
466	945
526	996
600	945
182	957
383	947
584	937
135	845
630	824
555	650
940	986
39	504
231	674
314	968
570	894
685	881
5	856
285	910
986	994
275	609
982	996
8	265
576	951
185	800
726	895
657	795
27	628
835	838
71	442
539	547
585	892
764	894
134	727
1	346
218	869
264	985
840	889
900	903
798	892
835	959
527	806
296	910
310	579
912	913
562	800
551	907
275	743
591	683
159	797
195	454
888	906
571	970
268	932
298	811
143	937
339	583
756	908
701	972
483	978
120	926
717	916
612	634
610	790
615	639
399	755
738	975
289	883
757	988
11	875
566	639
194	996
846	922
49	349
207	935
867	981
719	817
462	932
751	806
723	973
489	806
434	870
103	999
684	981
422	981
675	932
802	973
821	986
702	806
485	808
853	938
75	644
811	941
448	889
608	878
24	827
874	997
511	945
459	755
450	935
973	976
867	994
58	596
311	776
176	817
4	67
651	817
301	704
688	884
961	979
980	992
938	995
635	994
896	998
241	774
301	825
356	495
380	889
567	715
245	664
704	949
778	898
107	730
93	795
253	784
676	887
762	890
822	941
739	943
885	997
169	790
692	831
136	384
917	949
554	897
810	823
873	879
19	967
148	852
393	656
692	952
829	957
553	793
639	833
224	325
363	898
382	911
757	788
206	685
486	968
238	903
665	970
343	956
558	844
403	970
1	401
859	957
726	842
951	960
627	836
549	916
590	688
810	957
735	783
372	731
201	849
311	455
541	917
374	511
907	974
52	231
122	704
194	809
543	963
782	979
386	750
377	930
418	968
573	576
872	909
775	976
934	969
120	752
906	907
123	232
432	987
826	914
145	930
742	920
186	702
621	630
373	528
920	926
579	633
441	928
615	815
23	940
802	907
316	933
397	629
550	871
85	1000
118	948
508	874
561	700
492	866
165	471
497	981
376	691
848	915
605	928
75	699
214	777
737	818
489	753
365	946
235	836
670	764
582	880
119	890
100	648
721	995
862	934
172	487
559	933
941	998
402	949
880	988
319	951
883	993
304	828
918	987
596	936
480	761
208	302
110	962
157	256
630	705
514	759
739	877
257	837
288	941
651	764
394	842
521	883
232	780
77	906
584	939
97	326
822	996
734	883
739	998
899	950
931	939
31	911
92	369
639	767
28	842
630	947
468	885
514	772
563	893
769	998
699	902
331	506
859	891
358	380
299	968
82	970
857	966
755	955
460	778
312	614
891	964
476	722
715	738
324	853
865	948
823	951
460	899
606	953
738	843
201	904
96	622
44	920
641	910
341	389
879	967
208	799
538	674
777	956
870	918
367	792
482	513
564	848
550	913
187	861
591	685
682	803
668	905
272	676
888	908
909	967
694	813
124	926
680	915
177	294
60	123
703	983
240	993
744	755
224	985
735	972
320	464
974	988
275	987
130	569
913	978
536	991
217	982
249	934
155	518
399	878
99	882
533	814
860	980
920	994
436	652
615	883
788	811
251	872
807	824
149	595
302	837
181	776
520	996
809	870
957	997
313	932
693	924
113	349
390	886
101	783
973	978
702	929
222	255
848	983
889	984
672	986
603	886
864	927
360	899
943	991
547	991
179	595
132	483
211	776
285	725
560	701
646	704
202	956
758	945
813	881
217	298
642	999
134	300
581	989
774	889
699	715
281	727
794	989
150	658
491	722
217	419
458	545
526	945
340	489
639	822
644	671
602	940
473	789
582	961
53	617
617	659
961	994
391	841
23	445
303	499
743	771
836	962
269	851
912	957
461	792
232	969
465	911
47	923
826	890
592	723
574	854
692	846
497	607
562	965
639	956
565	741
564	782
239	985
836	975
435	631
283	503
228	567
698	718
717	731
507	921
634	962
708	911
190	985
496	503
413	734
303	862
738	790
803	919
696	793
805	965
342	975
698	839
138	916
578	922
201	972
457	632
937	976
807	866
719	753
366	406
531	739
724	868
930	973
140	588
165	352
640	645
543	978
510	801
818	917
983	984
587	984
81	358
325	984
361	412
853	874
858	989
723	801
781	971
640	766
827	858
194	945
739	745
918	976
279	989
353	938
697	748
614	979
793	981
834	982
429	933
811	998
929	990
781	863
734	751
445	648
59	878
441	943
64	956
843	923
265	946
163	935
223	949
737	941
258	943
593	933
959	990
59	999
582	774
623	775
347	877
397	994
139	204
765	895
792	998
181	844
621	887
10	962
767	941
10	733
574	775
799	893
788	1000
262	890
181	965
206	500
641	657
618	939
609	890
70	841
639	769
671	950
330	657
509	659
211	965
863	891
49	903
62	613
664	947
584	954
778	968
597	893
160	626
294	855
316	614
710	770
836	909
255	900
819	942
590	853
736	907
763	781
45	272
96	732
108	557
454	965
789	955
766	971
497	783
175	732
824	912
548	977
364	927
842	966
47	991
335	869
16	860
761	977
544	979
659	966
328	866
955	964
531	902
32	989
30	879
71	688
379	804
134	973
395	748
106	645
890	956
587	689
881	907
321	984
742	977
126	708
263	979
700	980
497	917
876	913
119	705
283	813
589	856
594	934
291	933
888	923
277	998
846	926
87	874
482	878
848	972
820	873
792	811
883	929
230	815
483	995
918	923
362	705
441	998
862	991
600	762
894	980
6	252
751	931
938	986
234	641
25	238
505	875
780	814
670	942
408	942
315	714
889	986
424	886
61	834
806	988
704	940
734	819
288	998
697	937
898	927
172	786
961	983
831	873
354	719
500	773
595	781
553	784
831	994
146	662
233	550
783	953
741	956
161	381
144	737
815	905
479	956
713	894
102	969
873	883
465	792
143	741
674	902
71	609
544	563
488	668
83	848
201	840
990	1000
522	666
412	794
835	897
558	848
618	899
659	900
733	849
141	974
409	725
455	612
97	867
427	513
518	897
859	961
41	972
891	913
476	671
407	800
585	843
79	217
805	846
323	806
409	846
562	859
372	964
449	918
668	733
733	862
371	446
717	854
202	408
251	795
638	975
209	798
622	967
219	991
508	865
580	970
635	677
230	857
356	996
918	965
276	744
396	516
816	873
186	706
888	978
511	991
122	950
395	816
818	919
763	983
491	524
964	973
821	924
760	914
443	978
883	984
827	860
524	822
334	927
790	941
876	981
895	994
746	871
825	935
911	975
712	994
827	981
385	599
725	933
804	997
131	194
193	843
58	884
231	546
737	943
695	946
156	897
679	938
655	995
570	658
113	419
371	943
445	892
544	605
89	964
328	492
727	992
875	890
240	379
699	893
456	677
449	489
588	833
753	900
257	962
95	900
857	957
441	490
298	441
743	828
803	842
407	613
882	906
365	387
626	657
859	895
592	780
845	960
542	959
160	628
817	898
877	949
338	900
921	955
250	787
136	914
268	804
290	334
221	500
157	744
349	914
321	852
541	855
522	613
145	626
365	629
544	860
106	634
340	572
842	968
102	929
416	796
578	629
321	973
677	837
640	689
442	970
879	971
180	970
694	925
243	989
224	747
974	979
232	342
32	991
245	281
355	678
76	997
703	866
73	699
707	985
839	912
435	822
696	863
346	979
828	982
781	907
901	972
601	976
367	809
193	885
675	925
821	979
270	876
619	993
916	987
520	987
561	759
15	1000
147	661
441	879
427	944
702	920
124	943
688	756
490	1000
806	977
825	990
883	931
781	920
800	933
841	934
113	232
87	997
376	871
21	643
59	935
480	928
917	929
86	543
306	546
853	944
156	952
376	992
274	944
334	995
991	999
136	256
301	589
741	824
586	721
806	990
809	995
602	931
65	955
643	703
371	998
519	896
72	850
713	883
176	944
83	487
919	988
597	708
542	772
421	711
533	952
794	993
560	826
868	942
128	903
651	944
780	829
175	426
405	888
294	791
701	886
835	886
780	950
764	942
534	894
710	827
641	727
352	624
269	855
747	894
62	791
893	948
750	899
433	963
312	673
485	601
946	959
22	345
729	961
338	847
860	892
879	905
83	971
740	746
220	976
858	967
710	840
770	854
140	687
481	751
484	497
833	910
109	327
634	966
155	443
606	904
77	523
638	856
476	794
173	985
723	900
756	848
527	988
291	977
239	292
879	918
670	744
474	869
408	744
735	910
535	556
504	977
724	980
913	916
517	687
253	577
640	757
568	854
480	512
908	922
85	885
28	351
709	749
492	751
626	980
478	816
464	918
712	983
151	192
216	587
615	821
983	988
802	913
380	924
732	817
630	806
129	295
79	703
566	821
698	977
510	926
202	773
457	999
864	865
146	585
841	881
785	986
463	935
389	757
380	937
922	991
245	712
226	470
484	994
718	932
676	935
695	948
852	868
287	830
834	999
875	1000
773	989
652	699
330	419
390	958
720	833
329	948
475	773
535	824
386	435
778	959
325	425
382	730
762	951
440	900
159	658
338	889
197	684
114	915
186	266
444	790
544	728
229	609
253	966
643	892
164	628
632	733
403	910
604	900
678	849
287	964
97	803
212	561
358	844
89	161
154	556
641	674
461	972
631	895
218	985
215	916
509	905
252	983
849	973
777	841
496	562
842	970
821	847
310	816
180	972
39	996
376	618
598	694
315	342
499	688
853	920
267	567
613	975
607	635
194	991
152	994
716	807
353	755
532	986
380	858
559	860
779	863
724	927
388	978
171	226
214	825
145	991
305	980
448	763
525	983
473	527
552	820
920	987
431	530
936	968
494	586
619	995
402	768
302	830
825	871
450	930
610	919
158	758
691	992
283	938
603	879
396	815
644	651
662	705
679	874
885	979
596	876
67	761
802	981
232	828
811	949
52	897
896	993
693	930
151	610
868	931
887	944
771	998
628	949
168	964
512	774
644	893
767	1000
261	374
76	328
783	944
447	995
144	957
801	998
465	783
91	313
486	842
835	996
871	949
870	953
479	839
647	652
437	842
638	832
743	885
151	973
574	847
178	847
665	965
604	955
461	906
428	729
409	487
636	907
736	845
777	883
699	963
410	860
951	955
145	562
912	963
410	981
399	563
927	948
757	796
949	966
112	506
117	850
425	966
392	789
309	791
376	552
101	347
548	807
284	963
26	173
793	840
798	955
605	789
149	280
641	971
953	977
216	684
469	864
381	751
854	971
661	805
559	794
550	974
316	807
696	799
286	635
138	922
721	977
325	748
397	853
738	917
462	982
728	872
814	912
423	990
230	861
934	977
804	867
642	805
17	753
531	974
746	862
291	992
594	764
888	982
800	869
161	882
45	936
403	415
788	980
862	929
242	992
746	754
66	995
556	859
420	998
621	988
519	711
959	983
274	651
876	985
301	754
672	926
773	978
685	865
387	942
225	880
354	765
118	488
324	593
357	541
788	993
213	533
484	996
195	893
597	644
868	878
959	996
752	932
117	421
650	884
153	603
755	937
465	609
993	994
569	666
385	845
426	883
882	897
519	845
183	896
7	899
246	952
884	943
581	942
667	945
465	730
859	886
611	784
8	491
720	956
835	943
577	907
752	945
838	948
170	260
810	886
323	502
199	732
419	735
592	663
671	956
690	969
99	730
808	961
849	962
467	668
287	966
507	969
364	920
83	907
212	792
177	276
247	786
333	789
541	967
346	728
590	859
161	682
138	964
702	777
812	908
523	805
527	924
580	787
805	905
629	908
235	523
326	907
188	448
661	860
196	797
668	792
659	972
617	975
474	926
735	967
913	973
302	819
341	747
728	927
772	970
785	909
909	975
105	921
124	934
320	580
867	978
121	865
327	475
478	873
860	975
557	937
904	981
18	888
119	940
582	701
804	814
315	357
848	857
182	996
256	945
306	537
779	986
295	873
369	822
468	572
165	534
63	523
683	874
158	760
451	753
575	819
984	987
43	958
10	781
505	760
598	951
11	188
665	712
35	545
885	981
540	946
602	814
855	994
679	997
21	768
493	992
586	954
773	817
341	894
757	772
528	720
495	543
577	841
838	882
815	898
856	936
45	199
556	940
570	838
817	944
137	956
472	946
95	959
613	656
347	951
199	787
708	893
400	548
391	957
160	795
449	669
743	887
467	723
866	957
632	790
525	664
138	898
653	849
331	798
611	852
300	438
277	683
700	786
518	782
41	857
844	952
907	971
24	395
483	909
428	973
772	783
610	721
703	912
777	898
386	976
680	965
941	969
209	562
415	630
198	632
175	914
918	958
366	401
622	852
723	904
668	968
675	863
802	904
790	813
81	353
210	992
683	687
110	825
237	866
39	127
737	923
682	987
695	926
640	990
318	976
781	966
874	928
288	804
100	753
260	705
642	807
17	984
108	873
209	925
589	917
267	866
575	982
616	754
929	985
203	881
423	884
887	988
367	989
843	918
191	763
746	985
820	934
517	933
795	877
822	980
404	992
115	889
202	777
7	538
623	770
688	936
649	944
468	640
862	944
72	788
581	931
259	880
727	985
452	780
947	988
456	899
430	469
385	726
178	662
940	985
38	359
21	715
315	896
697	998
72	909
617	709
97	673
135	965
773	993
759	829
951	999
863	886
808	950
844	994
233	840
613	832
379	665
539	654
659	948
117	665
62	729
601	714
372	891
157	737
64	509
321	845
863	899
668	889
824	907
818	833
754	848
826	953
339	569
55	810
453	856
15	630
409	786
205	498
611	920
242	794
233	974
319	977
481	810
355	442
164	874
907	918
318	789
772	959
502	869
684	846
925	972
648	923
675	797
802	838
826	966
228	751
622	907
742	972
253	515
599	923
337	923
505	736
529	864
138	979
633	921
834	911
932	988
135	644
825	862
369	582
700	867
51	421
610	910
11	56
670	924
312	987
427	937
315	467
568	684
554	749
655	801
8	990
448	996
341	870
864	911
649	757
607	760
786	991
189	772
142	926
920	991
307	993
642	983
174	649
499	934
600	986
237	934
517	988
806	862
594	942
239	714
679	986
813	986
54	934
472	693
739	808
832	999
563	811
848	980
125	356
107	945
74	768
776	811
445	940
734	814
579	940
904	996
697	932
683	768
72	614
452	835
553	658
773	927
322	991
52	901
449	537
5	789
285	843
679	999
417	999
535	991
213	940
769	929
521	827
466	891
309	419
713	768
551	706
454	773
173	494
734	827
780	943
747	766
144	961
451	889
74	902
831	881
294	905
574	959
558	951
652	1000
191	376
738	774
490	672
151	977
11	674
291	499
120	617
562	962
638	957
335	919
247	843
714	723
934	955
404	497
183	269
726	962
397	494
247	964
421	851
200	852
847	959
65	169
777	900
417	557
243	929
191	739
344	981
110	814
457	629
462	973
195	629
635	672
615	922
656	960
675	973
707	925
289	937
853	979
228	927
168	647
718	791
737	804
181	586
742	919
263	921
519	581
6	999
716	866
721	981
301	395
401	976
332	876
855	917
618	681
458	463
174	704
292	925
540	761
586	648
751	981
778	818
290	1000
450	989
887	990
843	920
862	933
765	1000
322	925
396	874
575	876
616	877
561	941
795	879
225	763
404	994
660	920
693	868
789	805
898	977
535	925
246	822
683	823
834	992
556	984
281	779
167	943
616	998
778	831
165	833
528	656
329	941
852	982
43	89
447	933
741	885
534	821
567	769
947	990
625	939
262	887
574	893
794	933
11	258
203	428
411	606
20	721
359	941
722	764
732	957
551	882
556	997
726	883
308	895
421	772
35	965
109	951
200	544
267	305
747	942
241	841
903	960
507	960
636	845
842	950
486	793
439	947
613	834
632	847
854	896
754	958
532	845
157	739
652	947
826	834
13	960
729	901
717	783
340	796
708	963
284	901
229	965
248	978
377	863
578	853
886	969
187	968
30	984
104	970
673	861
700	735
34	911
620	971
377	984
872	963
393	965
613	968
948	958
64	874
224	863
672	730
663	910
365	987
654	861
901	967
20	989
12	576
619	759
608	866
396	458
654	982
561	754
869	907
178	464
629	925
17	812
34	227
672	972
779	869
61	818
85	946
47	425
258	874
561	646
137	584
216	877
271	813
661	998
790	883
540	937
760	977
691	877
603	764
938	983
602	805
855	985
896	986
426	579
159	464
519	770
887	937
188	936
334	990
86	888
306	891
829	932
889	983
350	705
606	631
630	988
468	926
850	991
965	978
500	878
595	886
617	645
328	542
680	701
322	993
556	931
435	604
206	781
187	539
896	999
794	988
835	989
720	773
692	940
752	991
7	837
370	660
623	840
975	999
451	999
284	593
704	950
627	932
968	996
30	676
835	881
257	904
577	845
819	873
370	781
530	770
359	888
548	787
430	768
569	846
443	478
472	950
733	954
84	545
433	958
111	678
548	679
97	743
768	948
611	964
624	903
847	948
907	962
824	964
254	848
777	889
601	892
900	959
41	969
311	335
443	720
682	736
365	800
126	289
296	966
714	954
833	905
354	382
716	734
578	800
779	790
247	966
825	906
467	969
9	91
846	965
6	988
455	851
496	852
191	741
941	973
335	934
200	975
508	862
453	926
198	636
758	973
615	924
656	962
790	925
614	736
691	919
479	511
591	752
668	972
649	693
566	924
901	914
885	906
332	878
406	827
538	983
579	984
712	870
40	706
463	809
876	978
394	938
241	467
829	866
488	573
971	986
404	875
63	582
679	814
711	766
265	945
880	989
878	879
671	815
19	660
836	882
560	984
679	935
40	948
697	989
282	481
875	995
639	755
892	935
9	588
234	706
368	935
454	938
261	543
384	879
213	997
48	435
829	1000
428	656
884	936
667	938
861	952
666	713
845	944
344	433
569	780
472	884
764	992
898	992
870	893
763	767
190	905
840	987
28	843
437	782
891	952
182	492
935	995
646	892
164	852
434	484
766	957
544	844
67	956
590	960
884	949
969	993
91	495
437	903
757	844
27	739
335	855
517	603
115	330
349	911
204	264
421	787
696	955
352	916
700	845
502	860
717	785
54	441
50	965
124	914
721	904
666	968
821	842
96	852
724	909
944	949
756	898
797	899
635	837
814	839
832	856
400	970
515	920
21	156
936	950
793	901
256	925
779	966
476	965
932	979
453	981
684	850
133	976
119	812
320	573
325	917
108	919
691	745
286	925
396	568
33	516
420	925
742	976
809	966
258	863
901	969
483	981
557	930
802	963
81	412
297	976
416	927
316	989
166	227
765	815
751	917
295	637
319	994
828	871
275	399
612	987
290	936
890	968
353	992
848	971
149	933
820	872
572	807
33	758
186	1000
681	979
786	995
901	982
579	931
276	930
307	997
760	979
273	366
878	934
561	998
198	946
46	589
132	592
335	426
646	813
973	979
491	939
384	584
774	998
570	939
358	531
470	772
456	837
68	728
329	998
35	551
444	719
664	988
378	890
961	982
498	955
465	778
729	824
838	996
865	870
870	948
826	878
726	940
745	953
275	775
285	968
638	948
449	783
555	950
539	942
213	957
698	706
736	961
273	971
865	883
212	961
298	735
148	976
55	748
798	829
756	832
701	896
604	963
497	837
134	785
939	953
942	958
680	958
69	804
657	974
416	619
858	964
388	786
481	748
522	786
775	966
277	689
469	859
707	916
471	676
569	982
911	948
800	851
299	569
304	913
881	961
619	924
853	862
572	849
462	977
85	990
520	918
816	980
772	910
469	872
155	682
707	929
834	970
867	918
911	961
190	410
709	975
602	849
142	864
343	854
73	993
472	510
422	918
208	400
591	875
405	456
484	749
387	816
24	764
473	819
841	986
505	808
672	921
438	754
312	349
454	698
621	875
560	865
887	994
188	993
769	975
447	924
788	988
686	940
166	416
267	993
341	942
500	706
85	198
169	835
766	825
898	981
172	840
48	316
774	945
470	948
759	822
454	940
528	889
431	956
439	817
286	309
549	948
447	937
636	836
433	773
37	773
686	953
56	786
405	940
685	994
597	881
574	897
921	941
632	838
398	671
604	776
414	881
553	959
754	949
83	781
334	363
451	948
413	427
363	835
421	776
729	892
352	905
546	956
286	322
678	846
590	962
782	903
9	953
229	956
298	561
738	833
379	900
728	788
814	828
222	916
122	749
254	905
796	959
837	960
648	795
226	843
735	949
914	951
243	746
537	964
99	967
173	916
849	970
742	844
236	972
566	618
590	975
326	902
455	787
381	572
802	831
427	688
297	844
724	911
550	795
387	737
337	916
538	906
376	615
73	577
23	985
212	921
661	976
955	965
559	736
825	855
718	729
346	857
654	973
84	857
846	914
909	970
513	970
12	688
721	919
430	972
466	629
867	973
908	974
127	934
624	986
603	863
195	809
341	634
767	971
156	817
813	858
885	963
307	986
472	565
818	973
811	933
112	932
308	578
239	707
607	874
813	979
257	761
109	634
785	917
771	982
361	589
889	974
892	979
429	989
718	863
773	799
965	969
676	866
454	753
566	994
533	817
660	858
30	196
86	1000
347	812
686	995
245	764
295	881
878	936
690	885
196	350
426	812
393	635
546	877
319	420
613	638
637	995
931	984
755	987
180	527
171	707
345	594
630	992
798	805
564	638
583	651
789	985
252	780
68	959
467	705
257	895
40	897
604	939
819	864
664	990
263	646
301	938
433	828
534	651
551	820
481	724
912	947
972	998
483	541
805	942
161	611
362	372
262	959
504	721
849	904
893	947
139	973
309	896
101	452
446	901
812	958
523	855
209	665
715	796
47	108
497	839
18	804
50	793
592	847
310	868
423	745
698	721
510	670
854	968
592	968
812	971
182	804
605	907
145	922
203	863
800	853
142	624
340	868
279	858
485	963
922	964
880	967
443	737
728	869
915	961
288	799
78	989
549	574
180	219
952	964
718	797
451	682
401	861
304	928
99	230
393	448
799	870
255	743
2	68
526	977
466	697
369	993
402	941
69	243
206	477
371	810
552	885
637	929
34	636
191	879
457	998
400	464
690	940
588	929
574	765
450	995
219	308
394	834
788	990
130	990
875	878
88	993
102	662
181	955
234	818
924	999
354	883
555	873
268	550
359	705
667	821
350	885
951	994
192	942
541	830
169	958
852	988
227	899
543	647
345	891
4	598
162	955
252	848
85	442
647	825
933	953
256	445
844	881
223	268
641	781
172	976
865	940
636	851
427	677
821	833
845	961
76	864
612	844
249	792
469	795
629	784
419	974
23	974
496	669
895	903
913	957
724	792
536	741
654	962
525	848
249	913
543	902
35	166
293	690
578	859
526	669
886	975
443	900
816	916
904	965
243	990
457	690
506	811
44	228
596	970
890	959
150	166
149	924
586	696
589	967
88	685
943	970
684	975
357	580
785	798
482	760
282	406
299	760
794	968
579	814
491	701
274	932
871	922
494	935
769	911
788	924
586	938
809	983
280	639
459	870
445	935
142	934
343	924
799	938
213	814
204	994
424	997
639	693
162	997
778	1000
542	989
129	591
60	720
743	750
385	776
13	416
868	930
252	661
861	890
501	584
212	481
671	995
430	640
924	946
65	956
588	997
720	887
706	989
678	890
865	982
53	838
364	959
548	551
31	32
220	951
440	725
921	998
645	834
590	898
225	248
650	949
501	826
666	893
418	828
363	892
726	944
55	510
108	602
261	844
187	666
803	898
571	777
170	433
763	947
782	960
367	489
840	938
14	859
523	965
187	787
622	944
830	893
599	960
373	388
137	377
273	975
92	900
400	787
128	328
358	790
572	719
291	736
147	691
274	503
568	721
298	860
821	901
17	847
881	952
688	786
504	965
75	559
302	979
457	624
622	957
148	283
236	921
874	912
915	950
510	901
381	750
804	853
441	801
642	791
494	627
614	958
480	500
490	922
589	901
728	979
29	978
386	986
292	799
719	866
383	917
443	968
503	982
695	923
404	747
266	517
251	919
774	923
850	918
695	815
244	879
841	869
827	971
390	933
697	861
771	810
116	815
672	804
66	994
331	474
410	767
778	934
107	766
79	933
676	923
146	694
362	992
100	992
348	828
716	995
480	984
810	859
249	297
278	998
493	923
685	864
597	751
10	954
662	880
780	872
153	710
655	877
391	767
267	997
743	926
94	251
266	772
357	890
687	765
458	942
351	587
301	995
856	988
493	936
634	875
634	646
872	932
891	945
935	988
81	847
604	888
84	364
925	943
823	932
446	945
162	957
490	722
209	480
641	891
847	996
420	663
749	838
446	837
377	966
344	789
891	958
252	971
489	655
33	375
731	942
590	966
620	845
532	961
661	846
680	896
532	732
449	963
27	974
242	899
209	722
398	917
442	960
749	851
642	725
821	956
31	571
251	840
738	958
359	373
316	740
608	848
304	851
481	928
272	791
525	971
165	399
786	975
554	854
936	956
383	743
99	984
28	515
542	736
855	967
478	980
593	967
390	638
790	986
607	986
87	987
174	875
408	813
394	878
581	970
3	993
669	817
584	975
405	515
396	924
470	873
575	926
38	987
957	991
363	518
216	993
123	765
651	921
463	870
637	757
172	657
908	991
727	916
746	929
429	993
503	942
14	714
602	921
65	945
417	875
463	991
549	765
320	942
884	984
898	919
917	932
639	924
620	645
699	938
938	991
253	888
509	814
384	819
565	830
831	986
523	604
385	899
159	593
260	904
442	881
824	946
865	984
128	196
553	897
465	784
726	825
641	717
453	895
668	820
921	1000
632	897
450	597
39	797
636	787
372	943
754	779
715	787
668	941
731	997
510	769
592	838
41	964
261	967
407	792
539	948
673	911
263	784
120	964
290	621
763	841
23	802
895	960
513	666
96	792
605	898
75	669
586	619
624	911
187	910
369	621
503	621
327	395
244	626
15	803
818	898
837	911
501	962
246	672
375	557
237	623
182	687
839	957
9	207
401	731
561	683
814	900
98	693
318	962
340	980
469	865
937	970
432	983
397	962
526	847
908	912
619	809
223	809
350	392
608	916
676	791
610	962
587	978
394	812
311	814
746	971
894	906
691	806
55	299
795	863
640	989
552	876
794	904
183	750
959	971
655	974
719	989
177	706
655	745
908	925
470	928
649	930
762	807
753	987
290	997
679	809
389	976
697	863
480	865
595	815
15	240
815	818
586	995
603	935
773	858
704	987
864	976
96	350
280	925
247	519
780	982
417	930
799	995
692	869
783	987
12	881
177	948
774	938
829	874
438	989
157	710
745	880
454	933
588	933
734	987
527	657
217	468
463	938
810	982
125	879
466	943
102	895
877	928
574	890
398	893
678	718
199	720
455	646
597	995
757	947
831	933
220	779
514	997
546	949
585	877
884	944
175	484
376	474
317	833
666	950
229	720
707	722
845	952
583	952
696	829
622	651
701	944
439	944
2	906
921	947
879	950
461	962
576	949
20	960
273	911
923	993
823	826
96	955
726	893
8	842
107	326
134	954
689	947
436	501
23	857
432	796
203	909
612	848
106	976
240	976
703	737
515	915
482	509
779	961
770	912
341	735
354	445
612	969
684	845
758	794
133	742
807	915
867	966
545	915
383	853
624	979
42	331
737	856
723	958
46	450
13	44
290	810
802	958
686	746
382	520
593	969
868	908
235	995
871	913
637	746
7	579
609	684
292	748
619	877
672	969
283	928
66	930
588	746
574	811
27	184
109	748
2	356
862	985
581	972
961	964
512	872
140	1000
451	862
836	932
467	577
310	364
905	924
924	937
564	631
965	975
285	950
882	940
725	993
799	942
903	999
741	937
56	834
479	937
878	942
542	993
979	994
762	996
775	935
546	883
384	821
585	811
144	839
452	955
551	934
625	883
740	833
905	937
476	760
223	314
882	953
352	724
632	778
461	896
650	832
529	771
699	953
518	878
413	596
537	891
270	776
564	994
215	611
580	709
631	940
227	850
777	994
740	846
177	440
638	835
583	899
946	951
209	658
25	837
641	840
635	766
948	997
865	999
139	858
763	951
689	773
312	786
941	957
714	951
571	902
953	967
373	392
529	905
728	851
298	972
666	910
270	910
867	900
886	913
25	850
907	972
249	972
51	233
54	733
601	902
702	954
719	857
297	905
242	969
154	856
462	972
448	808
599	977
533	852
46	276
376	905
610	843
353	921
482	806
499	975
628	860
213	389
401	854
275	449
748	898
681	908
922	970
880	973
88	744
662	750
693	854
813	919
959	973
408	870
394	935
534	686
345	521
314	942
878	984
410	650
910	973
332	996
753	989
871	981
755	806
667	922
796	807
378	819
746	986
859	863
129	758
778	938
308	760
528	763
729	753
841	994
734	868
197	892
238	930
780	984
582	999
875	992
460	750
625	817
674	938
803	823
555	758
750	933
287	943
829	997
194	486
636	831
815	833
768	987
842	936
372	758
840	863
988	990
762	943
710	753
563	999
733	885
764	989
530	822
571	823
879	939
318	414
557	659
680	766
597	997
638	769
583	833
13	946
724	772
168	554
756	761
453	723
766	954
893	995
698	756
65	89
409	653
925	947
562	895
422	592
534	833
928	952
212	782
680	887
821	826
638	890
146	953
858	893
20	962
199	964
851	890
923	995
578	960
504	782
131	914
828	842
29	903
208	905
337	790
731	946
739	770
633	788
523	916
27	978
366	444
624	968
407	970
173	803
663	896
902	949
962	963
502	978
596	842
904	958
155	382
494	565
540	681
894	950
913	963
696	965
556	662
682	801
728	917
332	917
874	971
514	665
791	973
785	899
730	963
804	912
394	748
31	696
767	966
220	339
51	530
101	876
235	876
885	958
802	960
58	691
581	732
820	977
140	989
355	914
360	992
36	114
63	742
868	910
524	871
771	977
931	966
535	737
144	586
190	702
892	974
80	830
773	794
47	653
468	912
762	864
563	920
150	522
306	998
339	946
862	987
856	913
278	936
658	928
878	931
198	943
305	517
398	708
436	1000
403	823
217	404
530	864
711	939
623	826
857	993
246	876
158	992
232	941
175	407
595	764
722	805
815	996
873	974
116	766
933	988
850	990
924	939
289	428
583	646
132	710
154	469
486	713
343	930
780	931
477	893
741	939
479	939
206	780
197	960
472	936
558	939
530	877
258	418
511	598
782	832
823	870
317	998
243	783
740	835
270	657
905	939
77	262
206	901
687	945
164	675
112	485
272	474
659	883
678	896
860	873
361	960
414	823
235	555
185	963
796	888
73	493
837	889
699	955
881	932
289	791
60	968
76	912
34	952
115	611
538	714
791	894
423	498
805	829
666	899
206	914
102	268
250	957
599	845
63	313
110	802
261	971
2	976
599	966
48	863
