1	22 
2	11 
3	14 
4	4 
5	9 
6	1 
7	10 
8	20 
9	7 
10	6 
11	8 
12	16 
13	16 
14	19 
15	2 
16	16 
17	26 
18	8 
19	19 
20	16 
21	11 
22	25 
23	16 
24	25 
25	27 
26	5 
27	1 
28	20 
29	15 
30	5 
31	8 
32	2 
33	17 
34	7 
35	27 
36	6 
37	26 
38	20 
39	15 
40	3 
41	1 
42	9 
43	8 
44	17 
45	1 
46	5 
47	27 
48	10 
49	4 
50	13 
51	7 
52	8 
53	11 
54	1 
55	1 
56	2 
57	19 
58	5 
59	22 
60	3 
61	6 
62	10 
63	15 
64	24 
65	14 
66	3 
67	25 
68	17 
69	1 
70	19 
71	11 
72	9 
73	16 
74	2 
75	12 
76	19 
77	12 
78	1 
79	10 
80	19 
81	27 
82	12 
83	11 
84	8 
85	8 
86	11 
87	24 
88	27 
89	17 
90	3 
91	21 
92	19 
93	14 
94	22 
95	27 
96	25 
97	26 
98	10 
99	2 
100	24 
101	16 
102	4 
103	25 
104	15 
105	6 
106	6 
107	16 
108	2 
109	3 
110	2 
111	6 
112	21 
113	10 
114	23 
115	5 
116	5 
117	6 
118	9 
119	23 
120	18 
121	22 
122	24 
123	16 
124	10 
125	25 
126	3 
127	26 
128	16 
129	20 
130	14 
131	26 
132	25 
133	13 
134	17 
135	19 
136	12 
137	5 
138	20 
139	9 
140	2 
141	1 
142	1 
143	16 
144	11 
145	11 
146	13 
147	10 
148	10 
149	24 
150	13 
151	16 
152	10 
153	27 
154	20 
155	18 
156	1 
157	19 
158	26 
159	25 
160	6 
161	13 
162	15 
163	2 
164	12 
165	23 
166	14 
167	7 
168	17 
169	15 
170	2 
171	18 
172	25 
173	27 
174	2 
175	6 
176	21 
177	10 
178	12 
179	26 
180	9 
181	2 
182	26 
183	14 
184	5 
185	7 
186	3 
187	20 
188	16 
189	9 
190	11 
191	7 
192	7 
193	12 
194	5 
195	3 
196	9 
197	17 
198	10 
199	7 
200	7 
201	20 
202	2 
203	16 
204	18 
205	2 
206	26 
207	14 
208	6 
209	1 
210	6 
211	20 
212	17 
213	16 
214	1 
215	11 
216	5 
217	14 
218	17 
219	5 
220	21 
221	25 
222	14 
223	15 
224	9 
225	2 
226	14 
227	6 
228	5 
229	14 
230	1 
231	25 
232	12 
233	27 
234	10 
235	22 
236	3 
237	7 
238	14 
239	18 
240	15 
241	12 
242	25 
243	16 
244	27 
245	4 
246	1 
247	10 
248	23 
249	6 
250	14 
251	6 
252	20 
253	9 
254	1 
255	4 
256	10 
257	17 
258	2 
259	18 
260	15 
261	15 
262	25 
263	8 
264	9 
265	19 
266	4 
267	16 
268	5 
269	11 
270	25 
271	16 
272	5 
273	24 
274	12 
275	27 
276	6 
277	15 
278	14 
279	15 
280	5 
281	13 
282	13 
283	5 
284	6 
285	2 
286	10 
287	1 
288	10 
289	21 
290	21 
291	18 
292	10 
293	12 
294	3 
295	13 
296	16 
297	12 
298	24 
299	8 
300	18 
301	10 
302	2 
303	26 
304	5 
305	3 
306	5 
307	4 
308	4 
309	1 
310	27 
311	8 
312	18 
313	7 
314	10 
315	10 
316	13 
317	25 
318	14 
319	26 
320	14 
321	5 
322	25 
323	25 
324	1 
325	11 
326	10 
327	4 
328	3 
329	1 
330	21 
331	21 
332	24 
333	2 
334	11 
335	10 
336	5 
337	15 
338	17 
339	21 
340	23 
341	9 
342	20 
343	26 
344	11 
345	27 
346	15 
347	26 
348	26 
349	25 
350	3 
351	10 
352	8 
353	23 
354	26 
355	27 
356	8 
357	5 
358	1 
359	13 
360	16 
361	16 
362	16 
363	22 
364	1 
365	8 
366	11 
367	17 
368	8 
369	5 
370	11 
371	6 
372	22 
373	16 
374	15 
375	8 
376	27 
377	9 
378	21 
379	4 
380	26 
381	9 
382	22 
383	8 
384	8 
385	25 
386	20 
387	20 
388	27 
389	2 
390	13 
391	26 
392	1 
393	19 
394	22 
395	10 
396	3 
397	21 
398	27 
399	12 
400	21 
401	1 
402	12 
403	9 
404	4 
405	12 
406	10 
407	12 
408	6 
409	10 
410	8 
411	15 
412	25 
413	10 
414	5 
415	22 
416	26 
417	13 
418	1 
419	11 
420	22 
421	1 
422	8 
423	1 
424	9 
425	11 
426	16 
427	17 
428	6 
429	5 
430	4 
431	1 
432	15 
433	7 
434	3 
435	11 
436	23 
437	16 
438	7 
439	22 
440	25 
441	8 
442	12 
443	20 
444	12 
445	10 
446	11 
447	14 
448	26 
449	17 
450	11 
451	23 
452	22 
453	4 
454	4 
455	2 
456	6 
457	10 
458	21 
459	5 
460	12 
461	25 
462	14 
463	17 
464	4 
465	26 
466	16 
467	22 
468	19 
469	2 
470	3 
471	24 
472	24 
473	5 
474	14 
475	4 
476	18 
477	23 
478	6 
479	18 
480	12 
481	17 
482	6 
483	26 
484	25 
485	14 
486	1 
487	12 
488	21 
489	25 
490	19 
491	4 
492	26 
493	3 
494	20 
495	11 
496	11 
497	18 
498	11 
499	12 
500	3 
501	1 
502	13 
503	15 
504	25 
505	21 
506	14 
507	7 
508	25 
509	1 
510	15 
511	5 
512	8 
513	6 
514	6 
515	4 
516	15 
517	11 
518	4 
519	20 
520	15 
521	3 
522	11 
523	22 
524	10 
525	3 
526	15 
527	8 
528	11 
529	20 
530	24 
531	25 
532	10 
533	6 
534	23 
535	6 
536	16 
537	11 
538	15 
539	20 
540	12 
541	12 
542	5 
543	27 
544	4 
545	16 
546	12 
547	23 
548	1 
549	16 
550	19 
551	17 
552	4 
553	19 
554	19 
555	14 
556	5 
557	26 
558	14 
559	17 
560	20 
561	2 
562	19 
563	16 
564	12 
565	7 
566	24 
567	20 
568	22 
569	6 
570	5 
571	11 
572	6 
573	13 
574	13 
575	9 
576	10 
577	25 
578	12 
579	10 
580	3 
581	13 
582	4 
583	17 
584	7 
585	27 
586	5 
587	7 
588	10 
589	4 
590	16 
591	6 
592	9 
593	16 
594	3 
595	17 
596	16 
597	9 
598	12 
599	27 
600	26 
601	27 
602	8 
603	18 
604	17 
605	5 
606	12 
607	16 
608	27 
609	16 
610	4 
611	6 
612	8 
613	27 
614	2 
615	17 
616	4 
617	15 
618	24 
619	1 
620	6 
621	1 
622	4 
623	3 
624	26 
625	9 
626	5 
627	26 
628	15 
629	10 
630	20 
631	2 
632	23 
633	14 
634	18 
635	8 
636	9 
637	1 
638	15 
639	4 
640	15 
641	8 
642	19 
643	25 
644	16 
645	20 
646	6 
647	27 
648	11 
649	19 
650	10 
651	15 
652	13 
653	4 
654	12 
655	15 
656	2 
657	12 
658	11 
659	3 
660	22 
661	15 
662	26 
663	16 
664	1 
665	1 
666	15 
667	9 
668	17 
669	5 
670	19 
671	12 
672	6 
673	7 
674	6 
675	2 
676	9 
677	8 
678	7 
679	10 
680	25 
681	13 
682	25 
683	12 
684	6 
685	26 
686	14 
687	19 
688	25 
689	14 
690	12 
691	23 
692	11 
693	13 
694	14 
695	21 
696	26 
697	5 
698	23 
699	17 
700	3 
701	14 
702	23 
703	16 
704	12 
705	1 
706	17 
707	10 
708	3 
709	25 
710	22 
711	9 
712	8 
713	27 
714	7 
715	4 
716	24 
717	19 
718	6 
719	27 
720	5 
721	18 
722	10 
723	3 
724	10 
725	16 
726	4 
727	16 
728	14 
729	17 
730	19 
731	12 
732	23 
733	21 
734	16 
735	25 
736	14 
737	14 
738	25 
739	17 
740	3 
741	16 
742	10 
743	12 
744	2 
745	9 
746	14 
747	5 
748	26 
749	18 
750	2 
751	18 
752	24 
753	20 
754	16 
755	18 
756	13 
757	18 
758	25 
759	23 
760	12 
761	15 
762	18 
763	25 
764	17 
765	8 
766	16 
767	1 
768	11 
769	23 
770	1 
771	20 
772	3 
773	2 
774	25 
775	7 
776	7 
777	27 
778	19 
779	8 
780	11 
781	21 
782	13 
783	5 
784	17 
785	26 
786	14 
787	24 
788	5 
789	22 
790	26 
791	14 
792	11 
793	15 
794	15 
795	6 
796	3 
797	23 
798	16 
799	7 
800	13 
801	7 
802	1 
803	5 
804	1 
805	12 
806	15 
807	8 
808	2 
809	22 
810	2 
811	3 
812	9 
813	11 
814	6 
815	1 
816	4 
817	12 
818	25 
819	27 
820	16 
821	12 
822	27 
823	21 
824	7 
825	24 
826	15 
827	7 
828	27 
829	9 
830	12 
831	13 
832	23 
833	12 
834	26 
835	13 
836	8 
837	5 
838	1 
839	18 
840	2 
841	20 
842	16 
843	16 
844	27 
845	20 
846	6 
847	12 
848	21 
849	26 
850	19 
851	21 
852	7 
853	5 
854	1 
855	5 
856	10 
857	14 
858	25 
859	27 
860	22 
861	25 
862	14 
863	1 
864	15 
865	7 
866	3 
867	24 
868	7 
869	5 
870	19 
871	3 
872	18 
873	2 
874	22 
875	15 
876	25 
877	16 
878	5 
879	15 
880	18 
881	10 
882	9 
883	11 
884	12 
885	13 
886	2 
887	8 
888	8 
889	13 
890	21 
891	7 
892	5 
893	27 
894	25 
895	23 
896	10 
897	20 
898	16 
899	25 
900	2 
901	25 
902	20 
903	18 
904	4 
905	21 
906	25 
907	10 
908	25 
909	8 
910	7 
911	18 
912	5 
913	21 
914	12 
915	6 
916	23 
917	8 
918	15 
919	24 
920	11 
921	8 
922	1 
923	13 
924	20 
925	26 
926	21 
927	24 
928	4 
929	10 
930	3 
931	11 
932	3 
933	24 
934	13 
935	24 
936	1 
937	26 
938	7 
939	21 
940	14 
941	1 
942	16 
943	18 
944	7 
945	6 
946	4 
947	5 
948	16 
949	2 
950	15 
951	10 
952	8 
953	16 
954	11 
955	19 
956	2 
957	5 
958	11 
959	16 
960	21 
961	2 
962	21 
963	7 
964	8 
965	17 
966	7 
967	16 
968	19 
969	6 
970	16 
971	25 
972	13 
973	12 
974	16 
975	26 
976	16 
977	2 
978	2 
979	3 
980	14 
981	3 
982	26 
983	17 
984	8 
985	21 
986	8 
987	17 
988	16 
989	5 
990	3 
991	1 
992	27 
993	13 
994	11 
995	27 
996	7 
997	8 
998	14 
999	12 
1000	26 
